112
261
875
221
428
493
498
750
416
552
615
657
389
837
482
305
737
608
130
922
294
670
10
470
969
626
229
39
738
814
84
851
75
959
71
503
452
570
253
868
121
868
524
510
705
6
815
442
615
945
363
909
615
373
379
584
999
609
623
737
422
708
587
497
667
659
0
118
228
253
987
349
120
511
859
826
517
674
267
131
619
630
40
233
3
419
817
2
27
440
739
450
147
325
947
814
984
947
933
211
200
920
561
320
430
420
146
947
93
413
78
712
43
119
946
47
539
763
49
567
202
788
16
350
113
964
163
96
911
96
308
110
15
869
431
445
288
577
392
382
991
471
94
33
590
39
80
128
802
130
696
3
918
712
353
30
675
517
127
586
614
436
696
629
304
126
74
593
704
466
976
694
937
69
728
527
108
809
656
911
939
351
915
857
63
268
888
738
786
15
323
399
451
19
28
755
146
103
348
850
