160
108
82
161
154
765
154
137
743
100
8
952
736
507
125
600
359
202
737
212
828
438
521
50
602
748
533
240
112
987
445
273
95
527
434
250
291
589
387
33
690
396
986
425
904
110
25
262
313
762
474
140
199
995
191
802
742
724
41
855
711
487
127
806
13
562
55
305
150
443
338
840
840
324
265
743
434
290
4
748
52
478
888
252
473
79
53
215
804
95
69
515
582
197
320
596
759
376
901
910
819
239
750
658
564
14
400
998
305
404
745
358
883
633
610
356
713
664
571
517
759
641
31
341
839
351
938
598
727
838
507
546
77
256
203
641
271
604
639
577
8
384
935
892
17
545
247
731
208
819
247
967
459
279
308
298
631
245
896
358
83
402
904
160
659
107
802
931
711
441
508
720
826
443
611
844
988
858
574
195
677
822
162
135
100
470
434
731
715
329
88
799
732
992
960
391
99
761
322
811
202
830
530
27
273
141
871
260
1000
445
455
676
266
618
812
367
87
245
97
803
574
186
601
306
178
560
697
277
321
19
88
523
850
618
551
122
760
422
382
759
868
838
435
134
455
246
501
543
491
599
345
65
785
947
372
964
506
69
241
828
88
329
350
938
948
902
59
707
324
442
465
191
280
901
325
736
146
826
278
638
425
624
704
210
571
75
173
77
145
414
905
233
744
255
171
691
156
231
397
480
673
863
671
954
763
997
689
909
822
968
547
247
592
250
457
162
326
631
239
471
45
144
705
789
399
876
479
555
107
876
34
780
738
706
734
501
702
422
409
524
390
957
772
983
206
228
144
533
859
384
4
905
528
709
693
927
585
171
482
692
46
517
472
785
222
206
285
925
628
695
449
18
651
220
0
858
449
145
390
308
530
395
212
57
104
905
985
689
75
466
381
122
983
854
908
205
59
193
130
688
888
579
707
539
800
707
396
248
853
787
556
382
181
769
439
285
673
424
975
749
890
356
872
873
209
779
78
269
973
208
957
860
788
664
399
587
370
796
836
222
582
392
604
764
160
43
48
833
467
23
582
357
379
453
229
589
232
307
858
204
516
815
64
303
478
463
891
849
258
726
71
841
117
675
604
278
719
653
111
185
677
693
543
55
145
772
645
378
79
503
582
596
318
646
899
797
109
789
645
368
515
716
209
633
391
813
911
110
466
21
295
142
714
839
198
860
611
843
237
690
345
820
285
664
466
184
460
575
974
104
944
488
821
152
120
212
966
30
322
431
52
618
573
767
456
772
626
66
614
864
757
960
683
42
623
148
226
82
724
199
187
667
687
8
820
808
220
785
839
543
216
891
160
790
657
616
561
283
683
174
146
439
134
830
481
757
978
708
840
702
907
27
369
594
35
188
402
256
974
240
799
189
130
959
979
788
575
539
70
258
714
217
698
849
46
179
606
24
887
445
726
794
473
94
388
508
282
790
765
255
29
563
445
160
522
424
948
97
963
18
355
677
235
52
526
281
231
131
305
118
577
30
912
49
125
299
558
407
89
322
663
118
885
108
279
407
532
226
504
495
245
860
172
480
913
698
761
144
829
66
262
405
97
174
455
222
474
12
630
563
334
293
682
219
401
962
626
933
187
130
427
433
991
599
913
903
296
674
46
125
740
309
531
838
483
986
59
958
999
689
521
333
983
202
552
383
163
178
315
351
309
743
784
299
342
697
201
639
370
248
764
110
557
294
948
40
280
7
999
278
697
519
612
679
722
163
61
886
342
377
237
652
120
20
951
462
718
152
100
88
400
864
198
958
158
146
999
439
154
997
717
851
516
328
530
237
492
592
122
835
970
359
486
89
380
436
552
98
589
652
186
989
516
384
947
675
531
945
113
685
942
831
536
457
159
66
695
652
659
817
486
628
176
973
718
557
409
269
655
998
922
841
986
437
225
933
111
757
877
225
442
819
55
979
275
215
44
971
867
703
787
352
331
964
324
48
521
733
318
175
730
239
16
716
676
242
648
788
999
525
12
440
344
68
418
620
283
463
590
149
165
377
502
497
340
827
546
862
560
864
36
290
102
53
6
779
295
655
566
293
179
579
734
524
648
151
143
932
614
733
81
780
109
583
277
450
410
823
311
971
686
348
260
788
401
266
566
697
922
132
990
101
712
723
625
359
875
768
290
489
500
371
268
610
955
545
59
365
368
371
335
53
719
595
841
120
862
407
817
784
540
807
885
251
530
509
610
404
276
901
893
777
272
161
387
227
707
447
592
74
818
927
127
537
522
969
657
384
376
474
167
916
280
51
166
810
561
777
214
838
