160
108
82
161
154
765
154
137
743
100
8
952
736
507
125
600
359
202
737
212
828
438
521
50
602
748
533
240
112
987
445
273
95
527
434
250
291
589
387
33
690
396
986
425
904
110
25
262
313
762
474
140
199
995
191
802
742
724
41
855
711
487
127
806
13
562
55
305
150
443
338
840
840
324
265
743
434
290
4
748
52
478
888
252
473
79
53
215
804
95
69
515
582
197
320
596
759
376
901
910
819
239
750
658
564
14
400
998
305
404
745
358
883
633
610
356
713
664
571
517
759
641
31
341
839
351
938
598
727
838
507
546
77
256
203
641
271
604
639
577
8
384
935
892
17
545
247
731
208
819
247
967
459
279
308
298
631
245
896
358
83
402
904
160
659
107
802
931
711
441
508
720
826
443
611
844
988
858
574
195
677
822
162
135
100
470
434
731
715
329
88
799
732
992
960
391
99
761
322
811
202
830
530
27
273
141
871
260
1000
445
455
676
266
618
812
367
87
245
97
803
574
186
601
306
178
560
697
277
321
19
88
523
850
618
551
122
760
422
382
759
868
838
435
134
455
246
501
543
491
599
345
65
785
947
372
964
506
69
241
828
88
329
350
938
948
902
59
707
324
442
465
191
280
901
325
736
146
826
278
638
425
624
704
210
571
75
173
77
145
414
905
233
744
255
171
691
156
231
397
480
673
863
671
954
763
997
689
909
822
968
547
247
592
250
457
162
326
631
239
471
45
144
705
789
399
876
479
555
107
876
34
780
738
706
734
501
702
422
409
524
390
957
772
983
206
228
144
533
859
384
4
905
528
709
693
927
585
171
482
692
46
517
472
785
222
206
285
925
628
695
449
18
651
220
0
858
449
145
390
308
530
395
212
57
104
905
985
689
75
466
381
122
983
854
908
205
59
193
130
688
888
579
707
539
800
707
396
248
853
787
556
382
181
769
439
285
673
424
975
749
890
356
872
873
209
779
78
269
973
208
957
860
788
664
399
587
370
796
836
222
582
392
604
764
160
43
48
833
467
23
582
357
379
453
229
589
232
307
858
204
516
815
64
303
478
463
891
849
258
726
71
841
117
675
604
278
719
653
111
185
677
693
543
55
145
772
645
378
79
503
582
596
318
646
899
797
109
789
645
368
515
716
209
633
391
813
911
110
466
21
295
142
714
839
198
860
611
843
237
690
345
820
285
664
466
184
460
575
974
104
944
488
821
152
120
212
966
30
322
431
52
618
573
767
456
772
626
66
614
864
757
960
683
42
623
148
226
82
724
199
187
667
687
8
820
808
220
785
839
543
216
891
160
790
657
616
561
283
683
174
146
439
134
830
481
757
978
708
840
702
907
27
369
594
35
188
402
256
974
240
799
189
130
959
979
788
575
539
70
258
714
217
698
849
46
179
606
24
887
445
726
794
473
94
388
508
282
790
765
255
29
563
445
160
522
424
948
97
963
18
355
677
235
52
526
281
231
131
305
118
577
30
912
49
125
299
558
407
89
322
663
118
885
108
279
407
532
226
504
495
245
860
172
480
913
698
761
144
829
66
262
405
97
174
455
222
474
12
630
563
334
293
682
219
401
962
626
933
187
130
427
433
991
599
913
903
296
674
46
125
740
309
531
838
483
986
59
958
999
689
521
333
983
202
552
383
163
178
315
351
309
743
784
299
342
697
201
639
370
248
764
110
557
294
948
40
280
7
999
278
697
519
612
679
722
163
61
886
342
377
237
652
120
20
951
462
718
152
100
88
400
864
198
958
158
146
999
439
154
997
717
851
516
328
530
237
492
592
122
835
970
359
486
89
380
436
552
98
589
652
186
989
516
384
947
675
531
945
113
685
942
831
536
457
159
66
695
652
659
817
486
628
176
973
718
557
409
269
655
998
922
841
986
437
225
933
111
757
877
225
442
819
55
979
275
215
44
971
867
703
787
352
331
964
324
48
521
733
318
175
730
239
16
716
676
242
648
788
999
525
12
440
344
68
418
620
283
463
590
149
165
377
502
497
340
827
546
862
560
864
36
290
102
53
6
779
295
655
566
293
179
579
734
524
648
151
143
932
614
733
81
780
109
583
277
450
410
823
311
971
686
348
260
788
401
266
566
697
922
132
990
101
712
723
625
359
875
768
290
489
500
371
268
610
955
545
59
365
368
371
335
53
719
595
841
120
862
407
817
784
540
807
885
251
530
509
610
404
276
901
893
777
272
161
387
227
707
447
592
74
818
927
127
537
522
969
657
384
376
474
167
916
280
51
166
810
561
777
214
838
677
106
614
950
268
1
176
975
448
768
49
266
695
177
803
216
145
460
601
522
934
768
437
214
820
604
23
380
380
237
218
57
344
833
6
612
834
183
587
281
951
636
548
645
813
350
862
959
811
462
480
744
230
918
959
50
521
982
431
902
219
649
960
563
481
967
175
315
149
763
597
100
399
144
746
211
494
607
170
305
69
651
49
300
569
7
350
89
989
782
992
208
430
952
771
912
918
947
226
67
709
823
167
107
967
913
319
461
520
490
766
589
140
816
889
709
823
239
799
812
20
791
19
451
742
791
363
659
737
589
726
446
412
894
554
379
806
873
840
325
363
606
915
503
421
804
212
243
42
10
55
63
802
74
515
543
865
878
202
602
466
929
48
878
822
602
256
628
475
96
953
838
703
867
341
123
670
553
367
713
564
422
777
365
497
291
909
362
168
110
964
635
38
12
513
861
615
770
488
90
866
441
929
568
308
269
692
978
823
59
691
387
481
467
752
978
759
661
339
927
771
303
561
810
316
74
670
931
844
158
21
710
599
950
277
907
219
970
885
41
28
576
429
510
43
181
488
802
842
828
729
612
131
290
422
448
364
91
378
207
250
400
917
849
349
194
756
568
164
641
610
193
216
38
703
259
220
191
61
61
19
790
673
150
80
94
598
444
186
977
652
437
377
568
286
726
763
41
294
927
683
905
119
899
944
823
158
163
14
219
224
33
9
898
184
89
993
783
534
179
760
185
616
136
754
902
862
517
944
156
443
626
60
563
524
3
386
683
167
401
903
391
434
912
288
619
1
281
401
536
460
160
722
75
296
475
978
157
992
921
314
435
547
374
999
71
378
385
754
545
786
656
936
220
568
224
839
570
506
239
105
966
399
827
41
696
302
18
854
294
940
167
730
486
541
729
557
919
113
311
463
900
968
399
119
535
624
958
104
129
197
210
95
597
37
136
292
339
154
145
634
93
312
363
580
853
91
136
772
205
448
235
104
415
635
224
950
258
181
54
388
379
265
483
976
302
619
268
642
774
413
276
868
726
639
447
579
731
584
350
936
31
586
39
446
220
263
396
479
445
451
868
825
716
351
801
18
971
68
661
744
482
937
611
207
575
58
786
306
642
136
241
674
722
281
120
943
545
516
421
991
967
289
815
683
640
615
702
610
684
362
354
165
298
965
372
874
23
158
179
666
294
421
339
16
702
459
959
247
976
380
237
943
669
52
625
308
668
326
919
351
689
272
516
987
237
889
861
260
46
40
927
341
461
265
357
163
725
315
410
700
695
648
643
364
700
267
673
367
594
591
718
283
864
234
269
100
122
130
361
169
170
287
510
632
553
868
795
277
182
205
978
878
854
620
241
553
888
915
921
482
506
639
765
369
873
34
470
996
164
831
165
335
118
676
967
671
543
762
949
725
968
926
603
821
546
845
374
433
759
294
915
264
933
680
634
806
714
103
802
879
934
967
213
52
642
180
723
184
943
671
910
910
596
513
730
141
357
103
575
115
398
490
380
331
169
13
136
884
116
938
762
50
905
976
102
546
155
825
731
98
496
641
7
92
153
738
233
510
842
809
626
239
298
5
570
468
19
707
351
135
644
113
186
548
88
288
94
244
113
826
342
609
466
349
701
620
87
935
129
929
744
756
168
42
762
739
510
781
445
861
917
89
974
102
638
62
391
732
306
505
557
648
113
23
998
815
643
85
750
773
13
493
528
182
535
290
921
45
70
366
907
988
455
880
90
92
943
481
825
248
986
381
897
99
405
895
915
47
980
665
821
994
158
348
175
694
638
95
739
709
462
645
696
917
525
786
9
467
267
834
716
253
214
612
352
619
507
267
667
486
932
487
479
89
836
655
783
474
751
522
183
212
166
879
128
692
665
137
158
933
971
874
185
185
486
538
805
993
806
472
479
737
960
959
827
795
613
610
268
363
131
451
576
297
330
704
989
996
842
147
929
813
21
114
999
508
652
804
501
458
275
980
194
234
939
21
29
551
631
298
915
762
750
490
59
80
194
48
76
36
196
4
850
217
118
848
726
771
652
226
228
928
206
423
161
144
445
191
696
75
489
610
838
238
100
897
318
294
946
395
331
141
399
180
359
518
28
84
288
680
311
517
607
517
941
769
662
385
960
358
461
448
969
298
687
68
195
5
363
141
400
694
282
800
875
642
317
903
727
606
582
37
123
188
555
63
957
216
449
917
574
910
365
542
208
52
611
403
57
975
544
458
668
827
257
542
469
575
445
195
180
26
232
303
215
788
367
172
4
816
88
579
725
453
121
933
505
732
336
563
706
881
20
374
708
278
917
176
853
361
371
33
388
604
336
603
392
703
775
396
519
864
975
243
317
95
176
822
828
513
385
533
393
406
908
100
684
824
277
537
185
649
571
573
252
908
176
644
611
951
39
129
815
14
373
131
110
549
954
938
62
338
471
455
744
378
556
428
202
834
966
387
482
536
961
734
443
136
378
54
87
418
183
902
433
556
32
543
105
986
480
167
324
951
623
67
329
179
496
531
12
461
919
494
998
879
228
441
14
606
495
101
24
678
3
457
234
36
1000
339
21
479
507
346
430
129
413
759
308
910
289
320
370
208
815
367
86
42
808
101
648
302
203
673
981
206
129
214
242
128
553
264
608
60
610
37
189
23
797
498
933
86
819
303
294
633
671
380
675
479
481
323
781
684
996
762
891
124
976
133
253
529
398
861
589
7
899
779
31
696
276
965
782
94
267
75
727
938
456
401
416
938
724
197
622
720
960
512
844
935
645
97
464
42
959
53
50
857
832
82
552
107
46
334
201
314
409
929
252
865
330
669
803
53
867
424
773
826
936
617
761
581
714
225
624
672
278
675
529
109
757
81
217
804
415
419
117
825
347
370
690
677
38
492
731
905
916
504
731
851
121
492
432
836
717
55
507
995
730
36
104
486
117
321
290
533
740
407
357
87
778
46
764
816
539
495
721
454
999
452
305
120
944
737
956
661
792
462
655
522
499
760
8
617
80
298
149
821
706
507
908
483
554
672
299
92
166
19
546
165
472
851
285
415
587
240
75
379
703
731
902
201
490
910
818
571
208
968
391
914
474
298
397
27
971
696
119
136
715
665
302
186
516
587
602
103
828
678
483
530
408
384
732
898
294
550
469
502
517
860
415
991
158
812
18
128
507
137
265
222
803
567
409
319
154
11
422
982
689
906
512
96
289
243
995
583
793
463
85
309
323
500
300
482
312
318
611
820
456
876
42
259
443
452
578
598
463
0
580
151
906
91
248
195
335
243
779
127
707
864
437
29
364
738
512
677
56
122
496
513
999
539
772
442
991
350
39
453
350
619
605
256
711
853
451
45
96
230
173
803
93
611
833
458
349
344
134
405
467
631
919
465
169
690
907
159
39
946
613
390
565
217
647
276
70
97
321
166
328
495
969
421
106
801
880
455
145
13
861
612
644
779
76
813
469
984
973
509
930
585
900
494
802
546
770
872
643
91
37
972
587
6
392
693
808
271
148
953
285
8
565
929
788
642
742
256
625
715
765
554
299
665
48
101
210
819
974
854
911
11
825
497
17
216
190
826
488
338
779
773
346
343
702
134
985
444
390
610
158
155
164
458
820
212
559
29
31
533
883
942
544
707
438
562
924
628
387
412
967
165
185
313
509
888
447
494
331
837
103
489
993
267
948
812
480
507
842
511
39
725
452
584
432
891
146
356
519
534
768
485
700
953
798
208
840
244
702
171
81
806
661
73
72
608
886
552
114
727
63
154
452
515
738
884
405
884
239
924
417
6
409
116
960
206
325
800
450
27
971
531
833
631
605
906
239
490
458
353
217
521
507
669
35
245
553
441
129
792
365
547
799
774
664
759
981
989
559
430
15
529
962
849
160
566
754
399
56
211
753
273
733
260
943
769
506
495
209
635
287
575
181
86
348
846
846
328
834
404
759
850
933
721
698
93
287
452
493
343
664
246
617
396
507
560
165
12
55
374
647
342
950
829
429
298
674
274
626
508
678
385
357
611
106
55
704
393
508
197
737
171
443
354
568
950
914
733
963
969
107
609
311
56
438
740
354
112
14
981
621
692
366
978
302
472
33
6
865
541
204
602
713
647
956
280
597
870
12
559
839
119
168
149
176
607
890
530
719
904
511
339
596
877
317
899
348
351
905
213
892
108
815
604
756
770
884
353
640
897
912
478
16
80
627
192
687
517
723
406
421
234
745
16
110
62
915
459
413
820
672
305
928
486
910
684
256
794
36
896
690
949
374
706
28
1
899
715
518
622
120
939
856
866
956
966
928
870
424
341
689
96
647
617
583
556
301
839
349
337
735
38
286
109
745
314
110
644
29
628
265
149
567
120
15
522
86
944
392
511
284
81
607
931
699
189
487
1000
28
836
337
764
875
623
873
619
938
983
263
967
611
528
116
178
649
131
700
736
74
92
247
359
173
854
290
872
43
777
872
72
612
208
837
486
832
709
105
769
692
368
736
303
897
852
481
545
983
180
281
57
273
528
416
447
382
706
319
426
483
190
498
95
399
334
581
230
43
687
1000
736
54
735
38
951
587
519
496
569
700
777
626
973
305
42
419
687
749
738
112
231
929
610
326
327
945
908
558
989
594
557
724
649
292
762
599
879
280
95
448
980
873
74
953
177
116
371
864
865
109
976
96
37
586
423
365
531
330
923
519
925
480
242
573
773
4
172
651
284
267
99
263
139
173
216
316
290
587
180
155
697
156
251
735
743
675
99
273
4
22
793
930
503
35
502
275
39
675
927
323
942
25
587
81
199
803
398
489
390
578
644
86
735
896
822
477
570
922
751
575
944
543
504
446
578
6
722
617
681
648
941
623
674
528
704
873
330
102
362
721
681
5
808
415
902
629
893
472
550
643
46
494
186
551
941
764
558
662
381
239
310
322
862
984
850
566
857
180
669
218
901
349
224
708
765
126
337
657
598
888
299
644
381
485
195
321
249
754
984
631
993
293
954
855
277
803
421
133
984
89
352
884
439
577
592
203
703
930
860
300
817
159
945
197
644
139
519
894
893
502
525
886
796
478
740
72
281
161
206
264
250
558
148
690
134
741
893
837
670
752
136
486
911
81
684
555
220
202
449
113
705
974
999
501
452
739
573
733
900
780
998
150
337
145
840
472
887
732
309
556
484
446
42
395
527
726
951
748
929
399
861
634
373
860
134
825
598
708
558
498
487
555
648
825
701
488
297
587
220
606
143
704
52
185
99
579
912
49
326
840
449
187
474
822
46
608
647
645
316
204
142
803
759
791
628
459
278
925
46
498
531
189
202
583
375
301
162
286
350
489
126
800
676
600
621
723
208
267
367
524
472
510
327
230
300
955
690
579
880
737
76
410
926
278
993
301
580
155
587
931
644
714
730
319
313
351
41
522
619
409
45
90
920
372
321
219
327
10
798
206
747
875
616
673
152
609
974
733
764
561
663
407
274
392
727
588
743
769
110
361
178
155
451
97
528
773
316
856
783
114
61
530
989
678
203
141
287
177
874
50
739
536
458
13
929
184
602
671
954
712
32
131
868
484
228
396
256
545
251
39
659
313
570
648
991
774
790
277
951
664
328
690
200
786
703
128
971
304
800
924
16
832
54
884
316
283
279
572
828
531
612
487
844
181
134
835
956
925
112
906
588
440
596
789
226
298
917
196
603
716
120
619
548
175
503
864
458
783
436
285
313
47
772
157
229
907
992
184
832
103
90
420
543
686
208
769
985
124
966
587
841
86
206
389
261
709
253
719
491
689
4
804
737
777
961
967
684
953
151
515
55
241
935
599
928
143
368
912
267
333
499
108
419
705
498
681
413
751
399
905
440
404
708
176
180
669
143
864
621
294
379
677
535
314
275
463
457
643
374
725
977
873
833
396
578
331
76
991
81
476
895
521
880
603
698
59
272
841
924
894
135
303
570
670
617
846
133
73
488
507
798
464
380
631
860
958
962
937
949
43
412
844
565
291
447
262
351
719
103
275
613
238
578
183
909
194
28
41
267
517
549
65
981
929
697
841
887
658
778
835
702
189
678
266
480
125
528
832
844
632
106
457
871
685
640
780
879
669
822
146
185
370
212
166
299
909
7
185
566
785
20
267
974
699
534
454
824
62
285
668
694
392
124
565
76
765
344
956
433
166
101
618
537
313
785
836
221
792
21
788
576
42
55
550
741
589
3
565
651
289
232
345
682
356
911
758
121
254
713
554
421
815
172
958
127
957
794
349
749
816
136
324
858
192
874
599
781
878
163
432
166
395
778
849
752
688
606
873
943
319
427
363
133
599
320
260
556
114
610
304
930
747
629
787
939
503
386
720
380
549
151
547
945
930
395
696
617
1
569
559
320
997
923
453
596
243
714
151
357
323
456
286
69
84
73
8
587
460
728
968
8
880
515
953
809
910
649
425
911
218
985
231
214
907
684
810
149
398
961
506
722
416
793
792
501
867
800
88
326
527
55
334
407
570
287
215
480
937
641
391
154
625
622
368
531
306
177
680
704
138
186
426
554
980
217
55
846
17
143
171
544
198
506
952
769
794
166
248
730
807
639
884
431
261
252
963
567
429
643
271
567
829
697
121
808
915
177
654
932
320
826
476
519
331
427
287
125
594
536
856
400
174
739
832
435
992
794
2
420
436
273
988
265
971
108
73
885
286
727
817
606
552
292
124
884
719
412
8
312
948
864
713
122
603
544
558
594
338
560
14
775
834
2
39
804
111
112
689
397
840
505
2
391
798
127
275
516
540
283
829
487
147
542
610
751
86
168
345
425
729
360
199
562
362
239
366
473
351
55
870
191
560
872
582
357
1000
857
874
539
140
703
26
288
245
636
38
331
804
384
756
533
744
956
94
105
194
461
578
546
516
447
737
76
319
319
434
318
175
308
857
316
11
883
604
256
519
643
588
323
26
344
856
770
299
951
876
493
412
454
39
929
902
776
4
220
94
439
539
270
747
396
586
759
279
190
14
798
833
603
121
860
947
978
630
245
928
505
739
339
959
779
267
861
554
272
80
649
712
620
919
458
15
505
217
294
695
232
92
528
835
213
387
781
190
16
26
118
522
766
458
481
544
726
341
98
999
422
747
710
41
665
167
56
169
385
351
865
617
443
392
451
657
779
232
848
796
259
966
317
24
424
798
569
149
139
667
147
561
413
857
602
78
24
659
248
409
9
112
26
452
504
477
109
282
709
957
77
969
923
395
993
346
193
562
496
332
228
643
894
642
500
495
721
525
154
969
935
163
81
961
616
585
438
725
868
147
681
946
115
603
340
107
950
533
670
445
866
898
88
759
540
589
254
261
113
408
229
47
571
311
8
186
896
446
912
763
593
592
708
708
195
48
816
144
581
485
590
447
383
678
205
924
266
459
184
380
868
414
427
438
725
436
625
621
882
536
384
475
128
91
182
324
139
999
468
721
484
58
167
868
736
373
792
2
832
976
382
699
390
810
137
115
245
763
736
127
298
120
602
427
211
785
751
351
783
219
72
267
277
239
134
13
612
926
16
444
902
399
143
292
208
280
408
454
42
144
582
341
264
183
769
475
969
519
827
752
739
899
18
16
138
153
29
751
78
46
194
981
445
337
272
654
618
680
108
661
824
690
2
87
874
771
563
842
289
390
593
28
288
611
44
427
764
74
177
843
120
371
824
565
709
96
219
327
777
327
988
601
16
990
689
891
761
251
732
49
641
324
78
930
936
122
356
699
196
534
542
317
906
365
882
614
461
101
942
237
428
929
838
445
919
526
335
679
778
66
729
419
391
807
349
326
930
706
24
126
239
567
443
144
932
325
759
393
426
700
631
854
629
469
299
548
996
634
226
773
701
956
192
91
763
541
417
692
247
442
818
486
8
261
631
941
586
389
334
11
89
966
866
718
434
164
265
429
799
492
202
500
448
394
591
210
936
8
903
182
450
721
669
459
982
299
400
567
688
734
579
777
699
445
495
133
610
761
562
408
252
765
908
701
158
499
911
94
507
813
277
958
533
946
416
514
244
816
81
932
550
661
709
249
105
204
382
715
965
945
123
217
709
31
918
867
530
828
962
37
641
238
995
174
183
411
689
427
226
770
359
777
431
68
25
536
272
408
251
237
352
374
454
60
406
372
928
937
200
890
974
841
127
969
14
310
379
703
738
606
473
97
382
904
165
408
440
438
816
692
675
168
66
129
229
472
501
156
408
702
45
381
542
173
349
557
484
729
260
222
334
734
319
716
638
485
124
78
923
941
770
598
109
836
727
338
307
228
495
715
930
541
96
472
714
446
29
197
175
289
420
509
23
739
225
661
223
349
739
146
290
508
744
399
343
471
737
651
700
231
366
629
772
463
101
486
910
130
684
84
420
103
593
443
842
818
103
65
167
843
212
457
350
957
857
694
427
593
344
127
825
711
756
597
173
858
82
82
988
766
166
407
870
760
850
711
578
954
777
746
796
990
203
145
946
59
840
373
653
184
500
477
895
256
73
67
113
156
150
101
922
317
508
791
76
358
502
655
311
279
400
106
268
603
252
213
662
91
587
314
275
86
792
169
342
865
237
456
20
387
557
943
704
64
734
781
423
236
435
734
515
835
840
784
437
91
998
99
183
584
413
458
670
204
628
12
69
866
469
89
252
25
32
957
90
767
737
513
2
171
246
518
6
86
301
443
178
299
542
361
883
956
820
553
160
448
566
229
313
34
319
566
59
351
522
150
117
259
663
120
431
910
638
437
996
940
881
173
238
423
535
121
379
355
674
539
803
240
768
116
274
86
682
334
438
204
484
556
463
147
676
895
56
314
332
51
253
213
225
492
637
760
613
15
115
287
554
918
527
322
33
802
409
716
136
848
921
621
403
384
768
79
278
824
394
610
876
648
824
101
139
460
862
753
475
977
40
29
894
568
351
928
369
761
644
506
608
564
126
11
948
894
91
226
718
485
836
594
132
660
695
272
119
556
25
594
532
65
624
426
633
976
354
2
736
999
508
344
562
635
355
510
529
446
736
246
932
572
841
64
231
535
336
351
91
361
945
624
427
569
50
59
544
405
62
280
403
571
624
966
205
979
476
734
425
212
981
356
784
821
420
15
356
757
366
448
118
311
71
545
880
122
605
424
528
667
704
932
237
328
897
443
307
373
176
732
585
156
88
369
977
509
384
333
265
751
781
384
61
853
930
942
976
534
366
503
201
70
434
439
398
331
882
705
704
57
436
289
213
525
658
190
33
42
523
299
793
304
684
855
156
613
797
131
146
162
635
348
232
68
787
630
400
668
335
104
726
772
393
939
296
50
129
330
92
653
629
886
957
312
740
113
925
537
245
71
699
880
419
932
949
205
562
348
874
897
452
599
668
846
538
965
896
668
294
989
320
924
875
277
236
615
390
160
151
636
232
851
516
652
783
464
858
344
813
731
241
265
330
910
110
868
875
6
535
168
996
856
91
870
132
327
484
523
488
636
158
721
486
674
372
268
138
229
613
952
961
855
216
290
765
327
158
639
333
694
808
329
549
900
198
682
227
683
204
715
318
363
436
805
36
809
73
175
38
687
126
999
541
342
289
306
670
448
946
2
141
753
331
691
652
530
372
879
213
577
594
532
940
30
336
976
839
409
150
877
96
277
875
638
620
164
944
289
612
889
291
754
641
623
444
293
153
817
172
367
393
766
899
332
796
234
307
634
644
458
511
740
736
386
377
355
550
321
644
162
209
936
916
851
559
359
144
713
176
316
79
569
81
978
901
878
212
208
512
856
667
22
596
402
408
974
757
959
295
401
120
504
336
35
355
895
395
499
608
571
815
687
139
897
664
39
774
876
248
286
732
915
308
328
317
717
302
73
675
597
475
795
101
811
830
456
706
225
956
313
796
771
1000
936
667
664
976
441
539
223
727
271
138
34
599
455
752
901
529
426
497
3
220
598
815
50
54
520
275
9
834
71
781
834
6
447
497
983
888
36
205
615
307
343
650
906
799
401
807
327
827
303
331
47
902
145
98
957
666
374
966
500
445
747
333
452
193
831
434
81
867
640
696
174
984
345
80
782
746
887
109
573
190
440
621
91
586
719
47
251
92
13
752
538
760
84
991
954
916
425
34
782
64
731
957
48
75
36
831
822
923
940
395
112
380
15
204
966
734
251
217
827
265
969
364
25
53
354
979
969
779
12
751
844
743
707
892
819
744
722
641
666
662
35
779
42
50
983
7
785
234
225
611
500
194
976
525
248
330
503
216
108
516
968
953
259
675
845
78
418
567
719
83
228
755
863
270
806
846
278
590
79
504
201
579
699
177
104
947
507
607
162
616
123
130
568
382
805
412
461
222
979
179
306
207
934
168
478
739
13
757
329
93
260
531
673
959
708
777
905
214
384
67
830
507
198
397
890
2
810
350
224
789
530
530
996
463
699
474
202
712
230
532
805
490
62
477
449
770
254
354
984
638
422
813
145
620
210
34
622
20
385
847
809
915
377
805
378
75
278
581
787
508
112
592
999
174
69
447
944
323
802
928
961
223
741
105
843
951
140
465
972
525
311
780
440
688
585
819
764
863
399
551
371
512
142
369
686
212
817
630
535
618
558
496
842
298
602
684
249
742
148
220
267
460
0
708
148
585
526
912
448
926
462
819
437
605
188
123
817
5
753
351
624
310
847
465
609
448
149
858
190
298
78
457
759
78
164
907
663
691
818
111
616
279
931
52
884
118
175
700
124
929
51
749
239
898
214
848
346
363
706
536
662
784
994
420
862
157
326
525
849
143
637
464
423
567
516
307
686
692
7
810
620
58
558
860
957
772
708
302
135
413
839
797
196
832
217
58
990
543
584
838
687
220
301
110
787
818
417
473
510
424
282
130
482
841
990
438
613
697
741
749
109
579
546
306
410
763
365
400
306
949
237
993
168
539
103
956
357
520
428
868
945
711
998
426
552
987
865
165
684
606
914
794
184
460
99
595
223
465
996
529
413
233
522
582
772
625
537
129
144
966
997
88
676
995
515
228
981
380
393
665
986
307
458
170
767
558
766
990
22
761
519
436
994
40
17
766
665
555
896
810
520
892
899
196
886
414
424
867
795
818
532
780
124
991
951
892
548
716
882
571
477
400
6
471
440
24
236
105
579
131
916
98
23
815
295
910
229
720
777
23
537
308
804
662
299
754
553
847
470
434
418
948
834
424
418
274
448
654
380
27
786
295
125
810
110
421
719
339
140
496
362
678
805
166
339
103
921
893
951
390
326
368
337
160
793
756
435
241
409
815
268
195
110
394
4
221
815
724
560
956
219
923
633
24
88
972
127
8
864
77
399
190
446
737
351
238
492
786
479
902
601
748
96
712
141
101
933
957
825
493
912
44
415
544
68
504
516
196
512
380
273
912
570
720
648
921
958
139
707
437
41
308
184
137
19
326
238
953
283
63
445
195
107
860
739
175
363
255
371
876
635
645
787
205
364
435
125
322
575
833
759
616
140
944
753
160
270
992
112
553
54
558
748
161
417
487
337
781
743
708
657
377
353
444
582
718
879
708
39
453
541
799
68
682
742
822
842
12
813
955
566
867
512
314
28
930
802
365
711
544
73
368
922
426
812
504
143
691
212
183
144
753
982
212
435
724
34
276
736
847
231
301
714
744
616
742
673
417
106
384
962
180
752
883
607
564
387
751
254
599
934
398
352
915
611
787
639
645
63
374
492
295
676
205
38
291
948
712
708
54
96
669
234
849
552
841
412
939
592
667
538
525
65
891
440
677
678
78
322
741
452
814
36
128
19
74
419
967
787
127
21
883
797
255
731
349
96
143
288
688
810
826
213
876
717
653
552
394
732
874
135
183
688
171
312
707
246
732
674
32
859
695
916
656
951
647
4
47
790
292
736
600
117
949
475
835
602
27
228
333
902
363
517
589
535
829
296
781
560
971
814
419
666
729
74
617
376
78
664
165
370
399
766
488
348
240
322
950
268
551
282
169
914
799
759
448
628
55
229
187
25
42
606
692
772
680
308
147
759
973
313
129
371
78
617
720
319
940
669
587
490
952
757
404
750
516
853
377
571
82
565
597
124
170
288
897
851
596
43
609
568
356
738
940
435
355
660
754
295
328
341
786
280
97
190
30
613
42
407
184
124
973
781
249
143
69
146
994
666
190
603
234
547
341
174
982
697
834
735
993
162
75
778
442
173
968
472
787
10
880
971
135
852
752
385
996
821
531
990
487
721
592
721
267
934
895
248
631
729
984
623
891
58
400
332
231
368
805
18
378
684
989
514
536
741
899
531
562
429
520
48
150
112
770
417
46
664
666
677
392
649
299
283
708
700
615
939
68
420
958
447
103
947
961
639
687
859
170
248
288
690
297
438
803
66
856
849
731
521
525
123
169
825
406
878
525
21
817
593
441
774
40
545
720
0
184
406
860
354
655
147
44
952
586
847
18
442
695
749
963
220
873
132
44
278
9
569
300
826
162
742
600
202
286
319
203
470
725
62
825
380
210
869
331
797
716
350
238
410
99
201
630
972
333
675
249
343
244
550
169
406
291
769
609
577
87
812
47
813
874
872
192
84
741
524
881
456
875
118
867
974
319
497
945
653
171
194
997
416
744
166
822
34
935
431
612
22
242
660
836
116
532
28
200
272
553
80
729
427
199
596
400
518
93
344
171
265
538
168
681
281
334
502
316
269
934
929
292
175
588
127
291
119
155
491
392
708
572
121
134
771
717
534
289
811
879
461
75
416
629
756
698
963
258
13
232
191
942
524
366
530
652
658
649
808
149
41
516
721
162
651
492
880
185
781
690
63
241
765
479
871
520
176
834
778
190
65
970
131
590
335
661
241
994
310
48
142
351
564
864
514
214
355
393
400
136
82
463
378
848
943
248
368
118
82
146
309
147
115
441
737
451
102
979
444
412
27
587
764
592
450
277
807
806
671
206
943
753
669
320
601
611
569
969
730
651
114
38
799
229
480
536
681
582
514
124
995
541
712
758
133
161
35
940
968
706
145
910
459
815
230
59
426
799
28
155
449
142
194
247
372
674
783
53
256
297
177
250
839
890
8
972
51
43
911
18
749
56
928
208
871
158
268
296
957
296
452
406
439
647
654
812
321
437
865
577
734
42
827
572
932
835
544
983
879
455
1
627
511
929
836
382
86
103
679
43
399
131
449
839
778
102
650
98
539
515
675
273
557
502
846
489
337
389
471
215
844
472
843
355
401
678
738
488
781
416
532
180
547
981
19
324
83
669
423
623
184
97
896
741
600
741
230
937
130
701
151
975
173
994
329
575
671
66
63
452
483
595
633
29
576
652
354
659
321
777
282
505
875
177
245
474
919
476
410
48
176
562
22
350
555
352
926
226
419
989
678
902
583
310
931
159
963
285
818
283
61
99
788
937
277
33
410
195
509
821
244
686
382
267
35
938
619
961
163
37
950
842
939
532
151
870
691
113
154
509
397
216
609
184
152
886
217
563
81
726
383
325
411
766
592
447
703
211
408
866
248
357
707
187
889
859
56
580
973
211
89
369
427
698
553
579
584
771
141
666
496
525
991
908
290
583
355
993
794
763
858
42
119
565
229
8
423
286
589
395
497
678
764
925
376
317
503
961
87
645
626
584
170
617
492
460
199
847
452
994
609
310
36
729
875
265
737
298
552
325
693
49
3
457
974
379
775
477
339
863
122
966
446
292
582
939
752
781
785
204
775
394
514
811
122
389
76
860
687
629
184
380
678
188
838
651
568
613
127
908
475
250
873
922
542
454
860
293
235
644
498
9
37
12
821
160
402
898
19
89
526
204
469
204
392
307
855
961
920
983
868
395
233
740
316
775
194
175
68
429
820
566
439
857
578
260
17
980
157
36
68
684
241
538
888
634
846
743
594
766
726
462
160
959
201
476
733
396
651
802
825
470
367
263
327
946
523
345
926
681
382
995
364
623
533
252
257
378
996
851
143
721
313
303
680
514
779
412
910
430
213
735
901
581
999
227
526
521
573
452
202
955
446
567
577
979
819
834
356
815
685
500
535
998
803
214
512
582
627
422
12
841
157
913
422
155
140
949
677
713
400
879
667
846
445
244
825
264
78
181
78
764
681
614
761
484
829
273
66
456
696
78
297
853
992
719
7
132
667
684
846
67
562
512
914
7
757
738
272
835
919
351
598
600
966
359
83
795
633
150
250
328
229
547
180
220
266
188
353
934
872
198
0
434
711
914
442
467
651
715
302
570
65
901
169
30
259
252
826
893
402
75
220
631
623
401
852
889
590
204
822
461
402
823
896
113
736
337
580
386
51
882
957
117
782
125
148
41
378
974
935
780
48
155
411
672
556
263
560
145
468
382
607
871
204
502
984
941
840
563
327
892
445
283
8
227
408
156
269
786
129
203
566
178
358
978
850
915
240
410
60
708
793
667
578
998
169
561
938
8
124
264
900
569
547
909
797
956
65
65
741
194
268
306
373
626
284
223
540
524
634
600
232
427
267
811
424
436
372
362
445
496
626
345
65
173
254
862
128
319
927
869
514
195
175
887
821
459
110
361
984
745
962
215
171
228
25
596
665
397
958
110
894
583
456
960
756
710
821
885
28
748
753
542
943
929
429
764
387
540
124
370
284
85
586
456
314
611
51
979
8
9
89
903
592
545
862
348
254
683
232
282
431
986
825
373
914
254
137
301
794
261
672
78
347
257
534
661
869
586
640
877
595
729
780
187
273
641
536
528
323
768
811
754
754
635
127
667
889
264
969
683
526
640
761
873
897
294
534
765
881
173
642
475
903
422
663
175
62
198
704
386
967
514
140
720
148
268
387
37
533
355
720
58
996
480
932
892
775
465
657
655
639
299
130
542
721
793
718
784
991
421
169
958
935
310
677
83
578
64
120
110
420
840
169
415
320
100
307
94
566
965
750
205
264
881
747
986
673
464
769
664
885
939
622
820
248
298
903
827
363
23
937
783
864
105
198
183
206
506
278
772
470
28
978
734
909
724
720
582
188
488
246
73
427
868
893
676
166
796
502
530
819
439
312
683
545
511
866
752
16
144
524
486
173
501
220
82
225
941
664
413
428
911
486
856
779
379
531
946
174
33
475
994
473
788
676
18
298
542
770
315
687
293
801
860
795
21
942
19
962
606
432
390
517
919
245
295
297
777
241
472
811
716
465
283
503
140
301
802
683
71
116
369
364
918
229
158
940
170
177
902
777
610
291
294
528
537
590
825
314
831
296
124
546
762
408
49
903
709
852
585
781
969
955
144
886
183
303
826
354
480
727
130
90
18
425
618
555
14
443
870
845
740
995
391
501
402
441
403
111
292
989
892
260
943
36
146
125
339
972
479
820
698
610
910
716
34
528
271
48
971
141
894
710
135
284
210
538
725
614
649
17
602
541
278
544
577
424
670
917
395
148
736
93
759
646
809
793
173
80
841
144
221
735
854
356
18
64
894
744
679
543
761
280
83
38
825
661
463
495
577
858
644
313
951
402
959
760
194
132
840
35
276
60
770
129
417
789
194
310
532
873
854
293
153
937
332
978
597
795
473
174
653
116
487
603
518
445
363
712
578
202
748
854
263
518
984
680
306
177
991
839
50
844
131
203
781
464
181
378
258
654
552
911
770
39
514
287
484
877
1000
61
78
748
916
342
265
899
21
571
76
12
409
126
856
541
329
637
4
510
14
263
164
566
173
934
605
687
221
89
564
221
151
643
969
67
985
233
966
5
805
42
17
214
168
874
755
498
510
760
8
524
22
172
90
196
106
696
884
328
786
447
549
938
89
518
4
74
752
971
80
556
12
97
771
181
972
526
679
482
285
687
6
308
860
97
504
966
794
387
294
579
834
843
517
924
361
522
998
112
493
77
668
506
175
438
687
147
964
365
629
249
52
635
557
912
732
60
878
525
448
171
104
282
14
622
205
375
143
203
487
637
281
155
142
456
594
829
603
558
194
232
807
247
868
364
158
599
425
36
124
873
207
229
154
222
851
360
597
995
563
84
631
844
239
774
300
833
602
904
391
797
136
197
43
3
562
202
603
987
238
728
859
446
957
13
668
808
374
265
803
937
349
434
781
589
207
81
422
810
986
813
606
121
10
649
124
572
852
727
559
89
454
418
536
411
431
204
219
805
470
21
742
820
455
523
408
663
604
830
472
590
643
77
711
653
727
836
225
578
563
784
668
17
201
203
428
633
408
647
437
878
669
179
697
124
702
104
787
306
935
258
896
577
336
606
230
62
442
455
640
4
239
308
21
440
511
449
72
920
96
510
797
766
689
494
890
390
598
676
697
533
935
592
110
270
198
341
332
640
797
973
644
35
281
665
476
793
114
548
712
211
58
509
977
747
2
866
137
601
542
834
133
476
426
244
747
624
585
79
264
381
51
908
416
333
573
892
125
688
440
837
899
498
345
876
245
347
742
382
948
283
216
81
760
642
325
506
266
910
585
530
290
637
437
707
970
10
599
94
698
39
932
597
537
276
472
783
624
213
164
572
497
381
653
256
23
978
763
289
888
348
819
178
985
256
886
955
266
484
49
965
523
981
561
60
257
32
843
881
245
7
452
743
389
105
999
412
82
762
701
971
109
520
148
94
776
33
49
42
518
98
6
40
78
567
101
336
599
945
217
845
952
670
587
340
775
586
752
858
348
453
828
458
973
977
552
748
9
601
790
528
699
797
569
778
363
670
114
963
614
331
807
566
0
394
906
775
981
658
632
328
110
460
786
83
436
338
832
446
940
622
974
639
418
542
416
781
212
531
743
826
862
550
391
862
945
297
637
925
956
268
253
66
729
39
149
164
378
981
610
317
602
584
956
19
125
372
801
337
903
544
163
764
93
555
626
38
852
262
964
808
531
216
874
259
256
23
423
634
3
33
951
606
618
906
626
743
278
426
80
180
971
244
944
63
799
569
102
651
832
65
458
362
281
332
622
538
355
45
171
359
78
122
965
696
28
591
439
306
17
520
486
988
764
430
51
563
1000
153
213
831
218
672
193
500
3
815
37
359
860
209
718
939
331
683
634
359
273
73
665
290
594
151
277
358
581
329
921
580
482
134
411
701
807
604
200
811
418
238
169
277
447
888
215
779
570
850
138
843
924
804
133
517
955
411
876
536
740
797
115
221
932
526
922
738
129
122
549
548
360
719
826
808
606
40
587
175
891
725
18
814
528
151
331
483
562
207
18
301
3
134
523
936
661
445
674
790
567
222
338
928
941
163
736
546
204
322
722
94
47
740
909
576
891
240
59
453
447
77
754
451
212
277
386
873
722
59
663
289
281
0
217
222
163
954
769
367
275
490
462
323
229
370
900
120
610
959
573
57
36
327
508
248
604
894
120
326
953
783
616
233
783
833
456
947
786
224
314
61
714
776
385
944
146
284
63
756
242
637
813
278
964
320
526
567
213
647
894
166
429
509
400
212
341
856
158
127
79
472
189
794
248
574
738
394
858
801
149
100
437
963
378
401
283
905
968
497
551
862
663
981
370
62
192
712
919
350
839
998
823
27
792
70
601
529
464
459
330
614
559
768
577
938
168
860
843
136
356
394
998
19
374
367
81
566
78
1000
917
918
998
739
945
790
810
546
319
274
5
649
888
564
416
465
502
585
324
345
721
681
739
718
700
113
84
782
679
163
782
596
80
780
335
25
569
144
572
889
419
577
537
307
141
954
772
644
538
96
989
258
777
728
976
477
841
60
259
519
224
40
115
305
821
450
331
389
595
903
277
14
480
815
321
622
768
92
266
306
189
254
564
966
982
540
443
822
601
702
341
826
743
457
130
563
907
461
953
502
364
230
516
845
44
838
467
813
931
733
119
119
988
684
85
970
224
528
792
825
230
132
650
973
590
781
536
497
242
488
999
606
719
515
451
764
353
918
576
283
650
696
402
638
379
487
607
603
15
398
428
245
531
77
218
120
859
755
617
100
242
616
707
962
131
157
725
484
75
301
767
726
997
169
363
375
656
970
978
672
368
405
917
899
483
135
19
342
890
636
442
132
252
149
93
383
307
818
867
382
118
634
108
114
803
471
490
459
441
467
130
809
873
47
708
356
182
727
698
72
362
140
205
614
290
298
998
597
116
864
980
234
498
87
349
300
559
839
759
1000
306
890
809
179
937
516
535
119
242
233
192
605
373
397
218
664
695
215
261
811
79
240
45
577
328
394
878
888
233
637
887
539
526
696
718
462
211
253
582
454
486
774
58
860
170
276
523
865
492
784
676
572
24
721
149
353
115
26
240
348
663
127
888
189
823
606
652
34
859
233
488
345
6
546
205
176
823
728
41
315
512
718
887
537
439
36
890
554
62
129
903
726
257
791
915
79
396
566
113
255
800
601
601
806
146
806
983
970
534
24
284
46
742
170
583
180
206
473
735
269
602
638
996
860
428
911
939
825
476
52
80
276
653
681
81
800
487
64
769
20
88
52
66
831
223
649
11
430
122
747
700
725
384
695
584
813
605
522
638
81
574
719
358
227
400
439
27
887
504
796
907
593
849
974
423
72
622
435
503
745
181
203
469
566
898
52
379
503
575
16
585
148
736
943
376
135
382
403
21
887
199
928
479
48
901
903
121
523
337
625
267
519
828
737
84
726
789
464
229
363
481
814
512
216
757
889
351
139
291
372
25
491
300
504
540
201
407
661
725
744
286
993
263
113
729
348
839
518
812
67
881
292
882
393
508
638
281
860
778
573
232
803
63
533
307
604
735
714
264
459
458
550
452
721
664
181
68
502
699
881
570
580
172
451
973
681
89
254
540
867
827
773
669
890
305
977
493
39
691
758
499
148
308
952
870
972
132
938
474
832
819
43
411
991
494
384
672
583
638
212
450
464
985
119
354
290
95
848
330
786
605
830
935
914
781
804
886
913
742
359
745
560
403
155
551
897
540
222
480
177
434
931
642
419
49
996
709
145
844
39
931
449
869
866
362
649
669
247
562
410
607
306
971
9
462
521
907
1
743
386
179
177
316
821
596
366
817
305
511
660
344
442
108
212
307
471
862
977
719
423
387
325
729
357
335
190
878
241
192
621
628
371
798
945
192
394
310
9
700
822
670
43
263
779
256
571
249
117
547
968
540
934
293
269
290
628
460
168
869
653
789
497
23
587
441
216
982
751
226
681
573
896
724
836
674
981
406
924
97
953
892
638
887
184
907
176
813
367
344
682
19
133
178
43
720
619
260
701
370
486
382
944
381
105
779
55
86
185
979
183
137
870
822
23
54
729
200
867
95
545
549
114
678
727
158
398
346
418
99
717
904
481
660
285
587
439
340
673
624
318
857
762
188
678
786
242
406
986
109
501
531
658
616
208
385
775
606
732
192
706
449
95
186
108
380
774
548
721
446
171
39
303
933
227
981
719
470
387
705
580
889
235
237
504
443
623
278
49
355
471
755
804
567
942
913
948
715
460
668
161
631
707
465
564
935
445
283
404
832
988
984
720
222
221
224
666
845
503
715
199
974
470
2
540
412
915
487
127
374
155
289
5
862
754
569
797
199
852
200
31
840
184
751
61
405
976
727
249
479
442
448
453
913
451
993
325
365
480
452
739
636
742
745
498
495
314
294
694
166
494
725
5
678
476
66
83
452
794
333
931
236
782
383
149
232
376
474
597
857
927
336
492
668
80
990
163
394
284
858
560
779
582
566
457
58
632
540
510
426
873
441
663
654
825
812
887
200
286
483
57
213
819
549
882
900
539
44
294
824
903
854
602
485
419
58
543
51
598
53
478
471
495
141
125
319
954
11
520
240
495
577
453
314
125
334
213
665
379
507
488
282
361
89
767
781
147
310
833
746
363
311
217
858
452
342
177
406
354
697
646
849
273
98
163
399
433
376
63
813
884
552
94
245
642
861
26
790
170
860
535
534
170
753
392
623
95
569
29
449
266
675
298
539
773
461
939
206
838
2
19
722
554
113
968
196
975
995
986
145
854
521
679
24
273
71
648
368
641
677
818
907
351
115
446
124
577
384
330
415
386
349
137
941
463
104
136
437
98
122
583
953
643
261
977
916
333
624
284
974
300
101
881
652
217
327
776
795
711
106
209
97
456
346
37
919
451
174
356
550
296
939
502
939
200
478
855
533
102
138
507
403
240
388
54
457
715
831
251
425
937
460
523
392
807
561
311
258
735
667
808
31
606
310
971
806
789
825
339
891
964
847
294
203
234
348
661
949
179
912
374
115
372
897
508
179
458
820
437
193
487
245
224
92
555
194
899
343
19
237
234
984
83
528
186
318
876
847
266
55
759
641
171
130
538
679
310
996
499
747
188
986
993
412
77
547
607
976
891
627
213
124
610
297
652
797
616
528
644
882
583
402
523
754
533
60
433
843
55
932
590
243
917
582
656
995
129
262
971
19
889
183
143
