967.87
707.88
975.49
446.59
798.18
944.10
241.54
250.97
899.64
513.28
434.25
221.36
235.26
139.18
557.71
245.36
199.62
762.24
343.56
354.40
816.94
788.61
925.17
207.62
402.41
169.30
414.76
607.34
380.87
790.98
797.47
348.74
498.86
772.96
795.33
297.04
717.07
36.87
548.02
616.71
550.15
982.27
838.07
785.40
121.45
395.78
30.77
321.06
158.02
374.33
675.46
974.96
162.93
600.64
182.58
565.34
769.94
597.34
172.68
150.81
388.31
970.16
499.55
887.18
743.12
294.88
184.22
460.19
331.75
732.24
76.90
881.89
714.50
914.97
667.30
835.95
310.75
698.06
157.01
468.77
72.39
832.47
443.73
235.32
433.11
626.31
800.66
203.05
223.64
973.35
353.86
611.96
943.51
853.41
499.13
686.63
148.28
683.35
146.82
480.03
