99
21
84
33
93
68
20
45
57
41
41
42
39
81
79
58
98
56
35
72
13
15
100
12
29
18
12
23
62
44
28
61
66
11
95
58
80
14
3
36
55
44
79
94
25
57
52
22
12
88
94
25
2
93
38
32
11
50
56
73
95
84
34
60
95
28
18
74
43
21
10
99
66
89
93
91
45
44
13
58
32
7
83
35
0
21
67
11
71
23
85
66
6
19
25
1
47
44
75
91
66
86
89
31
74
81
22
19
25
36
77
58
44
60
93
45
81
60
57
52
83
41
17
89
61
43
90
8
87
65
99
53
50
88
85
24
69
7
44
95
43
21
52
88
81
44
32
62
3
89
13
86
30
30
75
91
74
65
99
61
29
97
13
80
84
98
4
53
4
48
47
48
70
99
35
50
42
67
11
46
56
25
31
86
56
6
76
29
71
74
90
100
71
2
80
55
0
85
7
4
