0.7117
0.2678
0.5546
0.1952
0.4594
0.4497
0.2752
0.4859
0.4389
0.5431
0.3443
0.6402
0.5366
0.1049
0.9117
0.5623
0.6911
0.9807
0.7499
0.3214
0.4223
0.6685
0.5400
0.5805
0.6802
0.0139
0.9783
0.1742
0.2108
0.4567
0.5048
0.9225
0.7245
0.0594
0.1178
0.1839
0.5091
0.3930
0.6699
0.9480
0.9361
0.0142
0.5882
0.4727
0.1191
0.4999
0.0350
0.8102
0.4807
0.7849
0.1315
0.9029
0.4534
0.6715
0.4834
0.1335
0.6854
0.4618
0.3077
0.8963
0.9185
0.8125
0.8188
0.6430
0.8719
0.9366
0.8270
0.3810
0.3295
0.4968
0.3291
0.2656
0.5110
0.9173
0.7383
0.6301
0.4172
0.7734
0.4403
0.8979
0.5582
0.5718
0.8008
0.0116
0.2433
0.2842
0.1451
0.9287
0.7460
0.4529
0.8250
0.6645
0.2654
0.6438
0.3076
0.1373
0.5803
0.1345
0.5183
0.9098
