520.29
207.11
93.07
635.79
460.51
491.29
686.11
9.21
105.20
98.40
539.45
345.86
217.80
185.91
972.47
53.96
567.58
136.70
356.07
650.48
210.21
552.09
756.63
74.23
470.91
943.40
809.81
969.69
369.50
106.90
795.20
889.79
314.01
888.26
525.58
774.53
379.55
211.69
783.74
484.75
310.08
323.19
830.62
527.88
509.10
803.09
581.84
76.69
939.78
937.91
727.17
150.00
489.99
483.80
224.23
960.90
427.20
34.03
930.59
796.70
140.94
725.79
686.49
454.95
614.05
212.07
229.48
993.60
423.76
13.22
478.36
733.84
336.41
308.97
261.71
845.51
112.06
843.55
922.20
51.85
781.45
649.38
201.84
271.45
133.17
426.07
232.35
560.37
460.10
162.94
357.07
601.04
888.72
43.57
55.99
502.77
255.64
285.46
496.38
679.40
298.68
974.74
413.23
635.09
283.71
674.95
480.60
395.77
518.50
402.81
447.62
299.95
52.18
649.46
571.39
185.36
75.53
803.74
745.73
535.63
966.68
102.80
136.67
855.41
146.37
192.66
358.18
402.01
478.12
854.56
81.40
776.80
829.30
494.63
411.89
113.01
169.58
892.50
508.78
688.07
295.30
956.40
988.02
347.49
605.86
559.42
532.84
681.38
363.16
278.57
217.01
329.84
381.37
353.68
185.25
527.74
546.34
543.43
929.74
24.46
397.99
11.14
801.26
227.29
505.78
213.15
340.29
675.36
105.64
849.07
363.43
400.95
805.47
351.45
748.43
411.32
910.87
281.27
92.71
274.04
559.84
309.72
603.88
941.21
663.40
789.13
468.95
209.74
332.56
398.69
234.20
730.55
409.83
35.45
957.84
915.60
248.60
298.13
590.96
354.24
