0.3635
0.7374
0.3370
0.0048
0.6558
0.5620
0.6610
0.2630
0.8654
0.3355
0.1836
0.3166
0.2300
0.7846
0.6867
0.1596
0.5591
0.0571
0.6838
0.6973
0.4339
0.4556
0.8266
0.1568
0.3043
0.5700
0.5792
0.1293
0.8220
0.4689
0.0666
0.1856
0.2063
0.4036
0.1903
0.8621
0.9656
0.8513
0.1251
0.8310
0.1869
0.3087
0.1476
0.4168
0.0933
0.8343
0.5764
0.6525
0.8914
0.2602
0.3498
0.3253
0.7158
0.1763
0.4821
0.0200
0.7463
0.0613
0.1494
0.5684
0.5302
0.2160
0.7540
0.7365
0.6196
0.9443
0.5985
0.5852
0.7957
0.7236
0.4162
0.9826
0.0323
0.5637
0.3994
0.1257
0.3980
0.9758
0.7781
0.2893
0.2360
0.1279
0.6146
0.9518
0.3042
0.0968
0.9718
0.0506
0.1581
0.1212
0.6190
0.6882
0.3372
0.3730
0.4247
0.9568
0.3173
0.0233
0.5420
0.1130
0.7469
0.9581
0.0955
0.7793
0.5218
0.4949
0.9049
0.9198
0.4707
0.6830
0.2092
0.7067
0.8109
0.8238
0.6585
0.1151
0.9206
0.6303
0.1657
0.0787
0.7514
0.7847
0.7669
0.0886
0.1577
0.1916
0.0454
0.4749
0.2149
0.5873
0.5879
0.9618
0.5454
0.6834
0.7411
0.0673
0.1783
0.6460
0.9871
0.6490
0.3290
0.1962
0.3557
0.1399
0.0201
0.0142
0.2550
0.9406
0.6445
0.4208
0.0193
0.3959
0.2055
0.7862
0.4845
0.3631
0.9778
0.5299
0.8381
0.1927
0.1172
0.4260
0.1545
0.6627
0.1094
0.8956
0.7299
0.2877
0.5415
0.7170
0.9367
0.8705
0.9133
0.2924
0.0104
0.9333
0.3066
0.2655
0.8739
0.9510
0.6862
0.8932
0.3469
0.8917
0.6794
0.8315
0.2549
0.6572
0.3613
0.0929
0.8499
0.4786
0.5189
0.0044
0.1412
0.6283
0.9000
0.8711
0.9159
0.4415
0.5882
0.8526
0.3120
0.5014
0.1450
0.3225
0.4347
0.4516
0.5879
0.3087
0.4026
0.2742
0.2019
0.7495
0.1659
0.8813
0.5810
0.4208
0.5386
0.9423
0.5137
0.3885
0.4209
0.0326
0.3929
0.5621
0.6608
0.2929
0.4332
0.5768
0.7344
0.0214
0.4294
0.0464
0.5228
0.5744
0.3689
0.9575
0.0259
0.9568
0.2662
0.4285
0.2310
0.4682
0.1780
0.3969
0.3495
0.7590
0.8176
0.8880
0.7014
0.3313
0.2765
0.1222
0.3639
0.6694
0.6843
0.0247
0.9622
0.1176
0.6015
0.6966
0.1389
0.0309
0.7430
0.6618
0.6052
0.1119
0.6193
0.6311
0.0687
0.8855
0.0596
0.2997
0.3537
0.2377
0.6966
0.7032
0.9967
0.5142
0.5912
0.6981
0.8455
0.8677
0.8203
0.2094
0.5371
0.5046
0.2341
0.4994
0.6222
0.8356
0.1960
0.7611
0.8665
0.9390
0.4229
0.4717
0.0509
0.0422
0.1028
0.1196
0.9277
0.1625
0.4192
0.2814
0.4002
0.1158
0.9846
0.3969
0.6300
0.5758
0.0950
0.4755
0.4436
0.9153
0.6849
0.9807
0.4199
0.9190
0.4801
0.0422
0.7546
0.6760
0.8033
0.6211
0.6150
0.2262
0.0928
0.6659
0.2684
0.1957
0.7854
0.1961
0.3582
0.2047
0.4775
0.7584
0.3204
0.4621
0.1553
0.9504
0.0380
0.2502
0.4259
0.4815
0.1655
0.1108
0.4622
0.5855
0.0298
0.9423
0.6276
0.7844
0.6183
0.4309
0.4055
0.2334
0.6571
0.4983
0.8993
0.9255
0.6940
0.6847
0.1216
0.0522
0.8894
0.5991
0.8105
0.2098
0.0613
0.9658
0.1602
0.0992
0.2160
0.5861
0.5807
0.3816
0.6969
0.0430
0.9671
0.7266
0.9853
0.5947
0.5110
0.6036
0.0256
0.9165
0.8370
0.6827
0.4149
0.7363
0.6082
0.1089
0.4209
0.7298
0.1611
0.3103
0.3290
0.9716
0.5201
0.3902
0.9374
0.6803
0.4894
0.1535
0.2664
0.0702
0.5350
0.9633
0.1132
0.5021
0.6899
0.0985
0.0968
0.2009
0.7021
0.1224
0.1174
0.5391
0.8052
0.5323
0.2753
0.4134
0.6412
0.6963
0.1433
0.8023
0.0066
0.4722
0.7739
0.5267
0.8625
0.7113
0.2070
0.3519
0.8648
0.4734
0.4221
0.3998
0.4367
0.5353
0.9019
0.1266
0.6337
0.9987
0.3275
0.3358
0.1211
0.4450
0.8749
0.9263
0.9773
0.1502
0.3397
0.6185
0.8465
0.4829
0.4208
0.8531
0.9552
0.1947
0.3798
0.8176
0.9060
0.5869
0.1695
0.7708
0.0603
0.5916
0.1706
0.4970
0.1268
0.0725
0.6236
0.7606
0.0712
0.9511
0.0964
0.1923
0.3961
0.9713
0.1186
0.3734
0.1215
0.4582
0.9919
0.9680
0.9411
0.4127
0.8212
0.8963
0.6074
0.2010
0.7139
0.5134
0.7879
0.8834
0.2842
0.8482
0.4750
0.4549
0.3452
0.6018
0.5274
0.9688
0.3624
0.5986
0.9200
0.4588
0.7910
0.3161
0.4301
0.9095
0.6894
0.5516
0.3677
0.6813
0.5196
0.3089
0.0940
0.3408
0.2052
0.7013
0.5417
0.9191
0.2148
0.3296
0.8025
0.4990
0.1778
0.2775
0.9539
0.5229
0.8793
0.4813
0.4918
0.2417
0.0800
0.4117
0.7005
0.8709
0.7278
0.1305
0.7804
0.4172
0.6821
0.1482
0.0985
0.2017
0.4570
0.1925
0.5424
0.6622
0.8938
0.0842
0.5812
0.1086
0.4138
0.3837
0.6076
0.5915
0.6611
0.5615
0.1145
0.5404
0.0428
0.6062
0.7821
0.1227
0.0179
0.4826
0.9937
0.7457
0.6132
0.7741
0.1629
0.2953
0.9222
0.2615
0.4969
0.3792
0.4540
0.0394
0.0414
0.3478
0.1236
0.6227
0.4564
0.5374
0.0064
0.0640
0.1289
0.6675
0.6255
0.2434
0.2079
0.6683
0.8496
0.9901
0.7910
0.8676
0.4727
0.7847
0.6133
0.0859
0.5587
0.7762
0.3811
0.4810
0.0377
0.8781
0.8602
0.4917
0.9175
0.9017
0.8395
0.0410
0.5243
0.2959
0.5784
0.5307
0.3599
0.7073
0.1982
0.9854
0.9507
0.4061
0.6537
0.8003
0.3962
0.4447
0.6679
0.8689
0.2294
0.2812
0.9548
0.7881
0.0574
0.3359
0.2691
0.0951
0.2140
0.1293
0.5868
0.1314
0.0310
0.4263
0.1725
0.5553
0.7222
0.7509
0.0859
0.0822
0.4582
0.2841
0.0676
0.4089
0.6902
0.7213
0.2092
0.0864
0.1660
0.8771
0.9553
0.3954
0.1582
0.9100
0.1835
0.2156
0.2459
0.4526
0.3107
0.4599
0.5819
0.8975
0.5913
0.6129
0.3238
0.7638
0.1682
0.0460
0.5147
0.2541
0.1282
0.9729
0.5382
0.1958
0.3818
0.2284
0.9171
0.5910
0.3148
0.0831
0.4681
0.2701
0.4785
0.6263
0.1801
0.6620
0.8419
0.4261
0.1146
0.1527
0.8859
0.6965
0.0502
0.4773
0.3093
0.3740
0.2410
0.4775
0.4200
0.7557
0.7316
0.5482
0.7285
0.2698
0.7440
0.1103
0.4982
0.6612
0.7013
0.8130
0.7443
0.1694
0.0831
0.2228
0.7957
0.2632
0.8848
0.6376
0.6893
0.9993
0.7903
0.5752
0.6958
0.8405
0.0525
0.0052
0.2144
0.2935
0.4827
0.6344
0.0492
0.2143
0.1826
0.7777
0.4841
0.9267
0.8880
0.9823
0.5879
0.5893
0.7953
0.3322
0.7587
0.8784
0.5549
0.5543
0.1416
0.4397
0.1920
0.8308
0.4391
0.9823
0.4060
0.1349
0.8227
0.4585
0.1400
0.0371
0.7520
0.6227
0.6715
0.8012
0.8370
0.8542
0.5789
0.3210
0.7809
0.4669
0.3033
0.3687
0.0562
0.0986
0.7009
0.8148
0.9770
0.2558
0.3692
0.1185
0.6955
0.5612
0.9494
0.1346
0.5434
0.3554
0.2695
0.3662
0.8139
0.4095
0.4033
0.5659
0.0322
0.0749
0.3671
0.8692
0.9290
0.9459
0.1902
0.7099
0.4128
0.4936
0.0786
0.4690
0.5921
0.7795
0.2838
0.5691
0.0353
0.6530
0.6876
0.7308
0.2142
0.6370
0.8654
0.7576
0.9924
0.1349
0.1238
0.8063
0.5444
0.5271
0.3722
0.5766
0.6020
0.7393
0.4458
0.5310
0.6852
0.6360
0.2410
0.0980
0.1296
0.3196
0.5670
0.7218
0.0991
0.8509
0.2909
0.1344
0.5039
0.9785
0.8652
0.7181
0.6155
0.7306
0.4757
0.6079
0.8655
0.5996
0.4143
0.4099
0.1267
0.7865
0.9866
0.7287
0.5258
0.4324
0.2598
0.2111
0.0684
0.5007
0.3091
0.1980
0.8203
0.8761
0.9198
0.9194
0.7270
0.2106
0.0537
0.2309
0.1891
0.9190
0.9490
0.8046
0.6496
0.4247
0.4126
0.5151
0.0243
0.8268
0.9251
0.1510
0.6134
0.9116
0.8797
0.1392
0.3440
0.1395
0.3502
0.4124
0.6402
0.6593
0.6104
0.4605
0.5355
0.5302
0.3798
0.2625
0.7408
0.4336
0.4934
0.9300
0.3525
0.4424
0.7346
0.0021
0.8672
0.1472
0.5173
0.8915
0.9741
0.4423
0.0425
0.5874
0.3540
0.9222
0.7266
0.6980
0.0617
0.0768
0.1104
0.7019
0.7362
0.7208
0.1624
0.2716
0.2510
0.5422
0.5341
0.9919
0.9758
0.0275
0.9219
0.3284
0.4700
0.6565
0.3305
0.3371
0.8037
0.8478
0.2286
0.7778
0.2901
0.2711
0.3652
0.6441
0.1933
0.0918
0.3420
0.2550
0.1686
0.4524
0.9569
0.9048
0.1732
0.1193
0.1764
0.4242
0.6616
0.7106
0.4161
0.6374
0.7381
0.3380
0.9658
0.2081
0.9945
0.2963
0.5452
0.7982
0.1441
0.7738
0.5760
0.4342
0.0449
0.9412
0.0783
0.2382
0.0330
0.4204
0.4933
0.2016
0.8728
0.4502
0.1064
0.0460
