0.2010
0.9393
0.3060
0.8960
0.5595
0.2054
0.2078
0.8627
0.3438
0.1517
0.8594
0.0248
0.5013
0.5158
0.6752
0.7353
0.6085
0.5567
0.2593
0.5528
0.3312
0.6163
0.8346
0.4934
0.2714
0.3079
0.9585
0.2599
0.4710
0.3398
0.6217
0.6720
0.2791
0.9277
0.5680
0.8385
0.1331
0.7758
0.7012
0.4769
0.9275
0.5606
0.5017
0.4289
0.0764
0.1769
0.1641
0.6849
0.7336
0.4235
0.2377
0.0648
0.0398
0.0722
0.5582
0.3113
0.3802
0.5167
0.5711
0.8512
0.8565
0.1928
0.5232
0.1356
0.1205
0.0912
0.9741
0.2535
0.8670
0.6753
0.7305
0.7945
0.2359
0.2322
0.2234
0.3123
0.4091
0.3875
0.9971
0.1427
0.8110
0.2348
0.2076
0.8508
0.3070
0.7658
0.1621
0.6872
0.2825
0.7332
0.5384
0.1390
0.9260
0.0616
0.2746
0.0465
0.1528
0.2487
0.3000
0.0198
