913.81
328.69
617.48
66.92
570.62
591.39
83.41
936.66
260.72
166.36
236.63
930.34
713.55
89.29
93.12
802.08
906.86
448.65
11.80
162.08
571.18
213.83
498.52
698.61
122.63
39.98
550.44
924.99
607.12
704.74
523.19
520.93
33.44
140.67
587.85
604.05
732.06
671.26
540.71
992.78
837.62
777.34
923.12
551.18
866.63
16.25
353.26
773.49
464.90
365.06
935.57
36.07
578.89
434.09
734.68
701.52
474.07
285.13
626.51
81.19
989.87
149.70
602.13
23.31
290.37
189.98
627.36
22.43
861.24
168.07
15.21
698.87
945.41
938.33
250.04
812.04
954.58
603.30
585.52
419.48
968.37
521.09
455.55
547.26
955.19
190.23
248.77
429.26
475.36
875.28
510.45
465.23
24.98
112.58
488.53
315.35
302.55
115.89
337.77
163.79
