146.16
31.86
220.28
192.74
102.65
348.82
629.69
562.11
810.77
451.02
435.82
205.52
273.87
226.45
454.48
377.79
195.67
93.21
622.96
478.59
143.36
308.21
580.69
759.09
541.41
76.01
342.53
763.58
741.18
862.67
803.16
887.35
894.53
23.45
80.09
997.18
372.27
709.77
559.28
183.04
160.79
995.10
388.56
434.66
221.55
843.03
812.45
417.22
936.24
435.42
895.81
79.60
743.62
476.51
838.68
285.03
552.51
181.21
48.61
293.70
43.88
851.78
181.05
938.41
875.22
261.13
935.58
247.49
970.90
494.87
430.53
131.69
489.97
819.09
566.35
711.52
662.12
378.80
128.74
598.36
814.22
24.55
677.96
557.84
501.06
516.64
842.88
53.57
697.85
891.49
347.27
741.73
743.27
528.31
680.14
618.49
789.45
615.72
865.98
760.35
110.59
296.51
892.04
600.55
115.59
458.39
312.07
777.71
837.19
440.81
376.07
651.41
465.37
54.03
209.25
966.43
570.66
52.13
20.00
268.51
943.62
367.27
10.25
686.89
895.58
690.38
305.38
685.03
306.11
171.35
445.38
416.70
467.86
337.41
17.25
583.45
795.80
329.33
361.17
632.99
770.14
737.24
284.40
235.51
791.26
493.66
201.93
361.93
545.79
221.93
630.44
489.41
589.20
640.69
176.29
484.78
331.07
481.67
169.81
637.18
653.03
615.18
53.88
120.89
952.60
71.13
704.34
748.40
400.46
65.51
381.39
170.60
802.75
665.80
406.10
594.01
159.45
608.04
955.94
705.24
829.97
586.38
194.65
419.17
227.06
370.95
903.95
558.13
852.62
73.76
195.31
505.64
688.94
249.19
626.53
641.54
320.32
330.87
389.94
720.78
396.38
771.33
891.37
199.13
437.12
297.48
793.14
596.58
905.52
749.07
301.82
735.48
335.45
496.47
154.65
562.51
867.42
58.60
120.64
720.04
132.36
315.96
225.68
821.30
565.15
852.21
462.84
885.47
183.09
852.77
606.25
579.47
624.10
497.62
778.59
61.23
795.10
571.73
657.80
700.61
320.80
959.63
436.10
656.25
456.10
590.75
218.76
323.52
649.34
339.40
43.56
781.70
655.35
269.25
603.00
220.50
121.46
65.84
105.97
304.54
918.61
712.21
884.01
542.71
209.83
662.60
603.94
4.93
234.33
261.74
705.55
555.13
221.37
141.65
211.38
677.47
732.39
430.13
0.99
381.74
769.53
44.55
163.44
424.88
313.80
766.43
645.39
435.26
832.27
751.35
739.80
750.88
463.57
623.81
293.59
673.40
286.41
897.53
678.34
520.74
159.27
383.88
75.87
380.64
525.53
287.25
58.11
257.92
717.39
59.10
639.66
486.92
103.65
803.09
911.80
417.45
569.53
557.19
852.70
401.80
308.54
592.50
152.68
772.11
216.31
446.27
445.51
502.72
343.80
123.85
23.46
503.07
507.73
99.34
883.71
33.26
386.59
941.82
291.18
103.98
0.92
930.84
590.89
104.57
733.93
502.69
522.01
303.46
59.88
374.72
705.25
368.42
967.21
857.93
140.53
183.52
304.20
586.04
686.24
648.00
709.88
709.71
151.07
217.61
809.04
34.79
250.87
195.63
976.61
542.05
299.61
977.53
472.88
890.50
82.10
206.81
393.20
604.11
510.27
453.07
978.83
215.52
821.49
946.04
73.46
962.02
129.56
377.65
548.05
815.81
25.65
257.93
525.51
176.73
475.54
334.56
211.51
726.41
530.19
188.12
268.46
829.80
165.65
741.34
720.30
247.74
948.16
113.50
851.85
458.43
566.57
830.68
673.95
388.06
776.72
747.41
350.08
906.28
125.06
898.13
722.09
150.72
156.07
247.60
327.44
631.61
582.16
538.95
358.02
112.35
727.07
626.48
942.15
892.72
367.83
662.45
140.46
315.98
775.95
992.32
774.41
342.52
823.00
448.36
730.59
599.72
195.77
80.67
506.01
320.83
978.80
228.10
471.55
134.87
475.70
798.99
766.48
57.85
337.94
124.51
170.20
65.01
750.99
112.35
957.73
118.82
774.80
98.20
434.81
550.75
90.52
209.22
893.27
913.52
657.58
623.86
513.24
853.35
704.53
19.24
174.18
683.33
247.34
645.73
818.20
723.03
444.72
584.69
780.89
782.66
709.20
951.09
847.67
460.19
63.44
805.40
579.01
838.24
903.60
13.81
388.99
994.12
223.03
282.26
907.63
880.61
906.13
420.87
733.96
610.65
440.11
908.15
293.99
687.45
553.88
112.19
410.48
998.59
696.88
191.37
781.25
406.08
142.46
628.92
866.27
205.90
434.33
445.27
44.15
337.93
459.09
433.14
332.05
682.12
715.40
239.68
562.73
621.53
660.55
296.69
232.18
100.66
204.84
526.17
788.11
758.71
638.36
198.59
757.31
335.25
389.96
538.56
741.32
532.43
167.48
607.59
738.33
601.81
52.86
782.48
939.74
511.95
215.62
271.78
194.07
931.02
511.46
756.80
552.55
172.01
53.49
784.73
272.68
258.33
310.90
60.79
17.05
949.27
259.38
774.35
284.51
649.34
312.91
25.83
181.77
480.39
633.42
920.10
82.20
686.29
702.58
21.93
198.24
918.19
293.72
392.31
849.21
805.18
149.11
401.76
977.20
202.60
186.49
249.87
460.93
497.39
310.66
477.98
446.66
570.03
252.33
731.17
219.37
565.24
757.01
401.14
45.63
390.43
321.24
127.83
76.72
23.82
149.76
274.95
942.01
443.48
667.26
791.22
248.66
816.37
192.98
225.86
18.97
379.48
475.73
479.90
876.87
786.39
957.88
323.53
356.43
210.21
54.71
575.80
775.45
811.71
976.94
821.08
202.14
298.18
948.91
278.86
322.00
98.68
553.82
264.01
542.16
221.08
55.23
790.82
37.45
248.22
16.68
56.42
627.69
492.42
536.32
504.56
278.81
494.20
828.10
635.23
704.41
882.80
211.03
479.86
694.52
187.97
300.94
896.66
486.15
249.85
175.52
808.15
348.53
729.34
72.16
890.69
950.41
127.39
681.51
987.86
375.60
698.19
44.27
3.30
190.61
580.59
507.86
469.41
74.79
335.96
104.65
779.20
218.76
315.68
259.05
913.28
503.65
559.99
809.94
989.80
809.85
985.46
797.95
158.38
714.80
870.10
49.06
665.21
997.49
730.58
653.07
373.09
428.77
697.35
376.39
619.38
277.94
884.25
88.79
352.73
220.20
193.44
131.92
438.96
509.11
390.98
352.24
12.76
950.97
162.18
2.56
760.82
147.64
800.50
919.20
862.44
670.61
968.26
527.65
668.10
698.84
180.72
41.19
127.60
878.06
417.57
746.98
156.00
301.82
835.77
508.73
522.02
29.20
640.65
960.99
538.32
31.63
313.23
551.08
982.60
475.40
553.63
743.42
623.04
354.14
662.61
485.48
24.75
630.87
13.12
692.84
329.71
193.84
734.03
457.31
71.91
151.60
204.29
227.91
453.42
40.06
736.64
975.44
69.26
377.29
936.43
607.58
408.92
249.65
158.66
391.52
725.06
712.29
134.94
348.10
66.43
797.55
833.58
91.17
428.43
846.70
784.01
758.14
40.54
518.04
215.45
112.45
669.64
419.74
340.36
123.06
459.80
77.00
98.50
529.06
454.29
34.93
136.64
863.21
284.58
295.29
254.73
9.64
7.58
389.67
357.74
74.01
187.22
191.31
165.18
615.65
38.01
949.20
373.79
78.55
467.24
589.24
191.00
136.88
8.98
531.36
259.94
468.77
608.36
358.44
997.83
62.65
393.36
134.47
925.86
677.94
429.76
180.59
687.58
437.35
570.26
45.32
511.36
757.48
236.63
676.54
373.14
274.64
625.74
746.93
353.20
92.98
336.16
544.20
229.85
345.14
75.56
489.79
813.91
683.92
848.23
811.74
746.57
241.59
946.21
672.43
919.53
375.97
853.01
607.11
813.32
423.27
652.43
324.68
180.76
889.06
1.22
553.90
163.71
626.96
300.82
516.90
719.94
636.98
61.11
949.79
982.12
136.67
439.58
796.03
820.59
287.81
607.77
567.16
529.40
553.98
239.58
448.93
929.95
92.60
56.04
743.27
515.87
708.47
67.95
696.63
597.53
69.17
250.52
761.24
696.13
551.35
278.14
416.06
188.33
339.25
365.85
170.45
475.92
805.44
966.48
296.51
93.24
574.25
863.66
622.64
128.23
103.25
71.57
58.18
195.84
127.61
801.46
711.71
836.08
869.41
408.34
433.61
938.58
658.87
194.84
634.71
210.21
472.98
50.77
398.54
812.23
416.62
568.99
288.14
222.06
535.47
584.65
315.30
109.72
448.31
937.94
237.94
551.56
9.51
296.12
747.40
137.11
97.58
459.12
973.19
966.99
867.46
406.80
905.56
526.33
601.64
540.27
736.55
74.62
591.04
135.09
886.85
7.66
704.08
174.99
229.72
239.55
759.64
545.03
349.26
207.96
482.97
587.21
759.52
492.48
883.33
506.92
629.59
980.91
966.04
602.78
947.90
833.50
9.58
853.46
359.83
611.21
393.73
96.38
685.83
984.77
231.47
572.68
992.44
935.55
747.67
222.16
175.10
507.32
767.19
524.36
715.27
250.16
111.57
474.79
742.63
994.90
981.71
372.22
975.81
947.74
975.00
923.71
781.24
984.58
777.17
141.08
595.79
170.91
237.46
281.62
155.68
468.93
854.31
148.12
404.47
601.98
370.29
579.57
109.29
137.47
103.93
824.56
387.63
215.50
299.35
130.27
210.40
281.06
502.49
186.22
228.80
477.49
109.93
10.04
462.07
887.10
151.12
57.86
58.01
388.58
339.49
213.70
857.50
193.79
361.82
261.98
795.77
732.10
841.55
905.07
869.58
945.48
729.63
257.21
160.99
28.98
387.48
371.39
310.04
889.97
557.61
538.83
367.46
667.54
548.88
829.53
554.64
700.00
887.39
612.66
88.58
226.88
826.35
946.08
420.68
188.17
208.06
216.45
920.28
49.61
121.52
789.86
995.09
851.15
47.07
156.08
880.13
434.55
527.47
190.16
324.51
85.08
729.00
691.97
752.62
277.87
521.50
307.27
977.87
408.90
919.92
66.45
635.78
746.28
12.53
56.46
934.45
220.58
272.91
854.73
270.19
394.43
644.58
265.28
245.58
691.65
421.36
125.70
126.20
948.83
315.87
450.71
33.92
44.86
142.68
786.54
322.74
664.18
93.81
300.61
73.08
13.73
367.05
708.86
760.01
379.58
765.32
694.46
600.16
38.23
549.19
870.35
432.66
193.77
135.63
678.23
885.42
556.99
803.94
11.62
505.83
119.80
462.33
539.74
164.66
605.02
326.29
487.40
269.20
420.09
788.01
342.28
433.83
155.06
51.13
193.83
534.64
816.45
888.29
134.80
854.68
437.48
5.15
287.33
631.25
140.78
965.57
516.67
697.78
769.50
528.30
203.60
889.30
990.63
743.35
53.97
595.65
69.63
541.36
864.84
489.73
329.37
207.12
923.55
484.43
258.25
117.39
19.07
74.70
5.68
153.87
929.38
443.16
159.02
216.71
74.41
299.81
182.28
591.08
997.59
951.78
119.38
201.19
841.08
110.01
944.54
895.05
705.65
14.17
436.41
570.50
503.90
765.78
777.61
427.46
250.21
35.87
544.85
269.28
110.56
550.53
423.15
39.94
993.69
582.17
256.65
68.10
881.98
438.93
659.19
879.56
390.70
778.57
80.75
231.78
888.58
25.29
126.83
594.23
39.47
563.24
164.73
543.37
329.02
942.34
970.83
579.23
978.21
515.67
848.51
88.77
66.20
271.65
128.72
59.89
853.82
385.37
128.00
735.80
824.29
787.18
615.36
215.00
565.75
696.11
446.78
454.33
721.40
573.61
48.56
760.87
136.85
213.29
304.24
465.87
155.63
275.06
45.10
133.84
790.74
893.60
222.62
856.94
165.26
351.33
916.83
19.08
736.70
44.83
754.87
560.99
832.01
370.23
775.99
397.77
66.34
222.77
852.09
787.74
796.37
900.66
548.61
933.22
113.95
852.85
399.09
269.58
127.91
444.19
403.42
918.64
337.80
626.04
775.58
503.05
977.37
692.41
522.13
714.07
737.24
277.00
275.06
569.26
647.23
51.05
967.02
713.57
273.82
819.12
501.32
70.19
719.77
49.93
3.41
833.72
902.77
402.51
103.30
30.68
846.70
506.72
949.33
184.49
132.76
724.91
687.54
110.13
417.32
209.67
824.21
154.56
486.67
99.27
723.82
133.90
150.32
690.84
847.48
424.14
509.96
348.79
494.33
229.73
398.72
497.74
63.44
301.49
900.25
166.74
332.17
746.94
673.46
281.50
931.44
806.21
6.41
618.98
916.35
423.73
828.65
740.55
578.30
315.32
839.82
302.12
449.22
990.15
992.96
296.70
414.28
502.91
645.49
908.61
732.64
44.21
406.35
796.08
345.70
306.60
962.82
677.88
53.54
636.28
959.38
984.98
442.49
965.79
603.96
358.84
389.52
432.61
99.39
967.81
747.93
939.22
269.93
197.15
929.36
262.89
493.85
343.65
765.80
139.34
252.26
498.44
183.56
658.61
294.53
529.26
965.21
257.35
207.14
18.75
893.62
166.52
3.73
336.11
132.31
607.69
694.95
521.83
40.30
794.35
489.64
788.23
733.56
759.57
985.38
662.93
22.46
479.23
6.57
788.26
618.58
258.83
286.71
802.13
917.44
581.23
331.39
882.66
838.58
538.53
901.41
732.20
705.05
905.14
68.31
837.36
512.83
763.26
359.19
553.13
557.61
848.84
341.36
291.17
608.41
326.74
954.10
630.87
805.97
960.67
419.13
424.55
219.50
705.84
226.68
136.95
287.07
558.07
19.60
125.64
96.61
921.01
857.84
801.66
826.15
926.16
639.03
338.99
689.42
998.22
892.12
247.03
847.05
233.48
538.20
455.46
560.22
492.30
86.33
366.19
452.97
505.46
790.74
672.47
211.30
17.42
809.42
498.37
575.49
829.02
624.02
672.10
750.03
481.86
473.76
576.19
408.02
112.79
915.18
97.44
111.01
807.30
344.47
958.06
40.78
882.67
413.52
601.00
374.97
499.85
967.20
827.94
5.32
757.94
500.41
216.62
775.36
309.83
714.99
350.86
138.85
339.01
22.96
888.89
820.87
496.72
465.07
228.88
609.51
380.25
326.32
720.51
187.55
670.78
678.57
228.33
553.45
92.09
829.34
928.42
591.94
796.53
756.36
597.26
554.47
256.77
813.88
329.84
566.60
528.87
680.69
705.45
867.87
703.65
594.34
688.74
200.37
59.41
917.63
809.88
439.66
243.94
530.39
627.21
914.73
208.96
855.55
468.18
301.05
684.88
396.60
892.99
481.41
152.96
490.25
35.89
409.72
304.13
365.73
976.32
832.99
46.42
681.77
700.87
750.07
276.10
389.61
950.44
335.51
307.24
760.31
775.17
551.18
290.70
402.39
465.91
499.66
257.93
934.09
800.71
942.81
330.68
693.71
424.23
483.64
183.96
460.12
893.36
488.08
825.84
869.68
321.07
872.26
551.45
21.94
622.33
827.55
411.55
572.77
163.06
718.79
333.08
938.24
269.96
623.78
340.63
735.87
123.45
598.56
669.96
924.16
541.37
0.64
617.87
965.60
484.28
801.82
425.72
377.64
289.90
251.56
247.32
610.98
123.83
798.77
632.92
746.16
626.32
44.47
318.92
789.38
763.25
652.00
727.62
33.21
275.78
68.24
769.08
399.23
666.80
439.04
323.39
208.17
439.68
941.26
173.78
923.96
743.08
599.49
301.61
32.98
851.06
548.93
643.96
974.88
347.70
276.87
721.04
974.02
321.34
39.96
763.40
84.59
691.96
491.01
117.81
967.75
559.26
886.89
366.98
226.06
325.93
690.37
434.23
765.61
631.63
608.01
689.58
374.71
207.50
991.18
407.70
58.56
540.11
51.66
33.44
887.81
328.53
754.48
861.82
649.87
794.44
625.22
734.46
486.41
116.23
852.27
454.15
675.49
739.16
821.13
901.54
65.09
511.51
335.77
830.71
143.14
943.78
520.28
517.85
151.28
511.47
925.55
209.84
51.58
977.21
243.28
939.39
305.74
997.76
801.21
955.62
792.20
426.43
690.08
278.61
542.66
542.35
732.76
218.15
281.51
553.90
119.69
346.60
65.40
455.47
177.31
208.54
399.25
697.59
726.40
550.53
209.06
651.95
760.36
260.64
629.16
3.64
200.03
934.90
1.40
1.24
890.51
793.60
427.67
580.59
72.21
970.33
122.94
804.97
188.48
404.45
358.87
308.18
751.05
424.28
763.65
928.35
632.82
162.89
625.94
359.21
713.42
835.00
11.16
473.78
95.64
640.31
477.42
295.67
575.21
478.82
296.91
465.73
272.42
724.58
46.32
344.64
694.91
169.26
149.61
883.40
573.71
508.48
191.58
324.76
932.76
955.22
253.11
565.57
118.12
879.05
924.79
831.53
714.06
935.95
305.31
809.70
576.26
782.73
105.36
151.47
261.56
402.27
617.20
533.98
126.85
663.52
878.61
821.76
832.77
28.22
705.16
406.48
536.71
896.74
731.24
469.46
851.96
984.35
35.04
970.07
863.40
959.82
801.61
577.46
895.77
106.92
387.16
472.03
889.66
492.52
623.50
151.21
894.79
240.70
685.19
21.64
904.22
563.81
843.40
736.99
592.03
548.56
143.48
128.73
445.30
874.71
598.20
297.26
859.06
633.23
267.33
722.47
593.06
68.94
299.93
488.83
175.86
687.08
960.86
65.52
179.60
584.36
216.73
74.40
825.07
901.92
96.04
729.29
465.73
939.44
466.28
57.76
488.01
609.75
186.49
933.30
484.47
784.69
230.56
343.53
417.92
497.89
66.00
10.98
566.83
365.93
499.81
742.69
53.01
460.67
808.21
232.62
45.03
24.94
307.01
870.10
926.87
403.05
599.38
392.60
342.49
65.66
450.36
830.50
675.41
636.85
763.80
159.88
421.54
994.36
503.42
839.46
492.26
569.42
850.44
59.09
935.34
350.25
801.78
988.36
810.92
609.99
220.97
855.95
634.94
527.99
726.04
561.81
931.04
325.42
954.40
273.53
391.08
404.76
104.03
66.50
41.61
867.84
226.38
463.15
862.20
729.80
302.61
354.46
299.22
153.05
413.54
234.56
503.30
215.32
222.92
314.22
825.31
443.89
170.17
460.25
971.87
896.21
22.06
902.91
221.63
976.46
176.45
612.72
381.22
280.48
679.22
422.83
148.31
905.60
885.98
10.52
635.40
188.59
364.97
934.62
341.64
778.51
169.18
844.94
993.84
392.09
159.16
819.15
835.98
329.32
279.40
807.86
225.53
301.46
710.77
447.17
277.92
887.22
59.89
659.13
167.70
739.10
81.96
316.01
644.70
967.94
326.53
280.10
156.52
691.50
214.72
498.16
470.01
383.90
343.10
463.85
775.99
502.26
283.00
611.98
831.58
562.40
419.83
57.11
863.85
130.61
504.28
141.77
17.82
564.17
800.90
185.52
303.27
882.87
501.53
947.97
850.80
828.06
228.07
7.33
519.55
442.79
505.49
989.56
826.69
848.59
453.41
602.68
350.84
736.41
214.66
182.42
298.80
634.49
239.54
162.66
765.10
743.82
304.43
782.92
307.98
105.33
968.44
611.25
988.20
469.97
559.22
839.00
298.03
787.30
846.33
817.58
230.09
351.82
807.15
56.78
200.41
260.56
659.46
551.25
996.96
874.12
733.67
295.77
508.61
973.21
458.42
273.71
717.03
762.85
56.63
25.01
868.18
25.08
636.27
856.38
495.05
195.49
695.39
793.08
982.79
541.72
610.66
212.88
893.54
417.81
269.65
93.95
678.37
929.12
645.20
675.33
803.23
378.87
971.10
311.85
352.08
429.52
585.56
69.11
192.37
642.19
94.13
60.56
667.27
730.39
916.94
162.32
925.88
612.33
955.40
908.67
154.05
566.06
121.54
47.59
983.87
391.20
141.53
662.24
320.31
786.73
337.57
123.55
165.60
308.66
435.40
517.68
738.18
20.95
586.79
930.56
663.14
680.92
991.11
330.41
411.31
908.06
492.73
337.19
520.38
448.13
245.86
674.43
14.19
367.41
722.02
998.05
758.61
863.55
660.29
78.92
650.27
997.86
202.47
815.87
306.52
637.87
333.55
44.71
658.82
920.34
975.26
321.97
601.26
966.38
652.38
12.57
874.43
145.11
349.76
394.82
593.23
595.62
69.25
607.42
963.03
791.26
605.47
721.64
654.81
265.77
800.56
305.08
263.62
3.03
120.95
570.14
640.90
454.50
614.85
299.72
374.84
590.11
621.69
976.10
556.49
274.07
988.66
430.92
419.18
338.42
825.74
12.41
934.04
894.98
619.83
897.08
686.24
225.30
618.71
341.05
491.07
419.27
646.13
754.69
422.30
767.09
324.84
63.20
221.59
939.68
362.92
596.43
529.80
984.61
572.52
86.29
258.68
561.19
517.21
677.86
899.61
342.95
690.26
833.65
237.93
310.09
730.73
924.18
535.40
349.44
265.23
26.47
768.71
911.36
781.16
191.02
678.45
106.00
254.22
900.04
45.68
617.14
496.47
575.48
601.75
68.99
661.76
860.43
630.18
178.97
538.29
529.78
521.92
228.55
363.43
759.85
538.65
94.16
684.02
74.05
443.60
949.25
100.52
212.32
860.61
881.68
403.33
539.06
987.67
657.55
439.10
33.35
274.69
935.57
608.83
876.45
4.56
270.59
736.88
634.73
449.56
275.17
164.52
971.48
503.72
527.95
731.33
42.37
622.11
415.35
116.42
65.72
364.60
216.93
278.03
225.22
98.61
681.36
764.28
86.28
338.91
203.38
119.64
613.61
138.95
728.47
490.05
143.51
999.06
226.93
778.24
448.62
502.10
942.76
420.10
5.82
470.71
151.43
48.19
92.82
566.78
164.61
158.54
931.38
381.55
436.57
156.60
480.16
117.93
920.88
566.44
456.85
124.26
686.07
70.45
263.22
414.54
560.51
406.73
413.60
787.44
184.97
862.22
289.54
127.73
282.32
295.36
598.44
433.75
343.56
691.26
0.53
508.17
849.80
931.91
889.71
286.37
88.51
369.87
404.30
9.39
936.31
861.15
133.66
622.38
931.61
396.87
36.92
492.11
803.60
450.51
279.55
988.57
312.73
569.09
116.29
595.05
864.45
714.73
28.80
208.00
405.99
29.32
716.17
255.79
961.24
605.88
542.16
49.75
975.75
946.46
59.14
912.06
807.61
192.80
534.44
739.22
589.67
571.36
231.33
393.27
21.87
510.87
381.84
334.60
79.96
498.13
929.65
944.41
212.86
958.44
152.41
618.86
987.77
868.58
874.64
949.01
474.46
416.80
998.76
450.22
363.26
57.90
362.27
170.87
250.70
896.71
910.09
840.37
468.07
141.41
233.65
489.94
652.29
615.48
824.54
732.25
113.62
754.19
676.66
326.48
712.63
829.07
945.34
700.40
697.64
819.98
649.41
172.11
236.78
648.16
622.32
600.04
706.06
984.60
770.91
956.76
881.31
681.00
797.14
349.38
822.41
30.78
839.32
474.70
646.27
663.86
206.94
759.88
418.04
883.60
86.36
130.68
712.66
31.70
831.07
410.31
851.68
480.48
582.42
88.47
128.64
204.74
688.51
834.70
189.34
459.42
791.46
70.65
140.42
588.60
420.03
962.83
619.38
259.35
437.53
265.65
923.20
644.47
25.53
341.25
528.07
111.89
471.92
240.73
143.59
303.00
651.04
995.28
783.48
233.46
83.74
912.12
438.20
772.25
746.82
627.54
231.67
538.28
698.19
372.09
126.88
118.21
334.93
746.26
377.56
772.45
11.91
300.76
416.92
37.44
642.01
944.99
149.33
113.93
185.73
292.92
416.93
836.77
288.20
200.41
70.23
371.94
112.52
508.43
144.19
859.34
135.97
375.87
397.63
834.16
747.96
524.51
952.37
82.89
270.77
329.93
855.34
282.68
630.69
272.26
320.12
272.70
217.25
469.45
386.63
402.98
762.37
803.56
239.75
50.57
3.97
309.99
422.51
116.50
818.42
566.70
975.84
954.39
942.57
373.47
788.55
690.53
897.98
740.92
773.41
168.75
70.85
628.75
451.44
701.55
901.01
771.56
974.25
118.27
241.00
360.88
521.25
3.37
164.45
761.00
53.94
168.42
70.99
476.44
284.91
889.41
43.14
260.75
843.80
985.71
634.22
632.35
676.24
532.20
373.28
449.65
700.95
444.13
78.41
152.39
145.68
979.42
923.95
119.93
97.69
164.95
480.81
618.94
168.32
645.26
379.94
222.25
813.68
450.93
698.70
98.59
340.34
741.84
359.34
184.14
727.55
993.56
816.49
403.79
525.77
189.77
853.44
226.72
633.90
931.85
379.11
779.58
911.27
303.06
899.51
8.96
468.00
380.32
627.89
636.32
25.57
7.84
858.58
839.25
458.77
557.27
937.84
799.10
299.11
297.18
983.24
26.66
290.75
799.73
430.45
816.51
989.50
283.89
43.23
623.40
215.74
422.34
402.98
127.00
725.40
302.49
135.96
193.41
682.81
763.85
829.73
708.38
771.69
688.31
547.63
230.46
245.58
485.47
29.56
544.69
782.65
12.80
571.36
73.40
812.54
1.81
889.91
802.04
285.70
933.14
425.44
501.44
355.48
828.43
628.44
80.89
130.91
764.40
274.29
813.72
528.26
104.02
522.10
299.95
792.32
69.73
530.41
37.90
555.20
559.97
582.60
337.85
572.77
153.96
411.24
385.31
155.77
301.15
187.35
441.47
234.29
612.79
942.91
589.78
441.22
571.35
670.66
572.13
335.76
944.95
385.85
864.01
48.97
907.95
163.96
841.30
977.68
694.37
879.20
532.88
254.34
461.80
870.72
827.11
615.76
281.96
212.42
771.52
583.12
399.77
213.00
817.41
12.56
155.91
407.19
453.78
727.26
77.85
25.92
63.02
22.80
411.77
927.03
71.78
319.72
90.99
913.07
297.40
785.36
792.27
830.28
39.70
254.07
701.00
866.81
869.83
982.97
79.23
641.35
566.08
479.00
854.35
383.49
491.56
10.25
790.68
945.34
737.51
868.53
971.26
800.53
891.33
383.03
727.56
963.10
702.75
818.56
876.18
0.15
603.92
668.45
830.43
643.62
922.52
531.43
510.43
792.35
514.40
589.66
433.70
80.48
68.65
288.05
463.97
560.21
298.30
254.65
505.55
35.82
123.18
476.81
836.35
14.51
859.84
563.91
977.61
562.60
382.47
853.79
562.75
986.40
522.24
393.18
630.02
444.76
924.62
140.45
237.10
439.02
730.10
670.81
519.50
798.75
958.86
983.47
358.96
257.16
238.12
864.52
292.98
361.29
341.33
129.33
375.80
201.17
693.24
353.41
763.77
75.72
207.20
326.52
62.11
729.43
719.70
692.13
174.19
644.32
832.58
411.29
83.34
562.68
82.09
602.83
361.43
40.95
586.30
720.40
298.11
824.42
584.91
591.09
185.71
926.24
720.42
561.51
127.42
413.66
914.92
891.18
489.38
122.12
217.70
551.50
851.55
937.40
243.63
25.73
581.72
76.20
437.02
665.06
638.88
519.12
267.89
0.31
560.07
854.19
720.71
858.18
678.61
305.62
449.27
864.32
231.87
169.69
425.84
359.28
583.35
340.76
250.47
72.73
462.87
468.17
624.23
314.42
405.57
867.86
340.15
987.30
944.06
777.17
652.36
582.94
296.29
920.25
583.25
856.36
774.44
303.96
714.54
453.05
609.58
163.80
317.37
841.45
333.49
743.21
200.73
916.84
83.96
451.19
989.57
546.84
919.36
613.80
861.25
324.94
481.66
201.40
312.23
425.72
978.58
964.59
8.65
274.87
884.83
591.90
131.23
659.27
895.86
845.76
112.32
505.45
9.56
429.70
346.90
343.05
172.90
547.62
259.89
256.87
998.82
249.47
803.70
918.18
863.27
664.96
243.12
344.93
866.36
555.35
770.65
844.94
519.94
779.30
119.81
404.77
371.20
251.03
64.05
267.07
96.79
176.37
772.52
106.36
606.07
119.41
449.41
778.97
667.04
709.30
35.84
665.86
958.77
839.54
584.04
822.04
504.50
827.16
166.97
370.86
382.51
937.61
215.80
902.45
716.91
335.61
307.22
88.12
586.64
371.27
355.19
683.43
547.64
127.70
789.79
153.70
247.12
239.20
932.68
914.15
948.50
968.52
580.01
907.27
808.06
164.05
729.30
312.56
991.20
896.27
683.43
373.71
833.89
899.23
276.16
550.80
234.83
583.38
638.92
821.47
954.65
994.11
504.90
502.28
121.81
294.69
655.99
368.93
533.88
588.66
283.08
482.38
557.18
863.09
389.64
365.24
27.14
118.95
677.80
18.34
15.22
361.23
392.05
849.11
260.45
668.21
399.91
495.29
251.58
38.83
316.76
206.23
32.94
821.66
708.51
154.76
116.35
364.50
523.69
650.23
953.16
806.77
132.61
510.34
669.86
522.25
875.58
697.00
641.20
553.39
715.34
656.42
914.61
107.39
505.53
175.07
775.60
905.45
670.35
27.18
944.28
987.11
233.41
977.22
808.77
941.92
131.98
925.12
306.42
655.66
575.35
259.59
462.43
707.95
769.93
132.29
230.21
645.51
829.29
871.41
198.90
544.63
527.83
113.51
652.01
33.37
288.58
427.61
938.81
958.94
454.79
883.09
946.05
688.20
860.31
754.82
630.12
992.29
679.93
936.54
647.95
255.28
196.13
110.38
963.23
966.06
242.67
193.44
611.57
71.96
64.85
810.47
616.59
592.68
923.98
268.60
626.05
212.56
696.21
564.86
171.50
151.00
447.96
117.55
839.20
308.27
872.37
469.32
300.56
552.30
405.86
948.51
807.58
601.99
58.89
770.81
568.05
301.56
964.25
179.62
373.53
29.10
990.09
990.11
621.79
914.07
258.72
247.84
126.64
954.93
812.70
298.14
105.93
260.66
415.68
945.13
568.93
288.05
414.45
869.48
840.35
820.31
817.99
647.93
422.30
876.88
418.74
990.35
178.45
383.00
169.97
551.98
412.10
160.05
542.09
33.89
74.13
800.81
281.73
200.76
755.74
94.43
498.90
861.67
355.09
914.58
806.79
924.01
202.63
221.24
793.50
42.98
41.55
611.49
690.92
463.85
488.37
109.66
454.20
666.82
492.66
624.17
218.80
904.76
784.22
760.89
938.65
858.35
561.70
220.37
59.11
317.43
314.80
558.01
179.10
669.89
472.59
985.89
593.90
675.22
207.13
387.39
718.21
248.69
998.88
409.12
712.54
487.26
518.78
166.74
154.08
11.44
790.91
372.87
916.20
575.14
133.76
854.85
433.49
695.46
75.22
492.60
12.89
390.02
50.60
191.99
59.90
523.19
177.88
653.80
198.42
385.01
41.19
916.63
633.70
40.07
325.75
346.24
527.33
844.53
512.98
681.41
855.98
303.89
54.28
772.17
879.03
188.05
627.02
312.52
883.50
702.24
805.11
896.39
92.25
855.72
88.38
152.15
378.91
266.25
805.95
577.33
651.26
847.15
493.96
284.96
887.22
819.71
631.19
414.55
664.24
144.17
95.96
520.22
448.07
150.24
292.39
327.09
338.29
919.41
639.61
221.79
621.65
444.72
118.18
713.90
300.44
206.56
866.06
679.35
472.81
672.01
256.68
124.08
519.15
750.64
409.04
406.37
570.34
40.23
820.92
234.58
184.40
916.88
754.80
632.47
67.12
47.19
959.56
405.41
966.61
599.17
627.20
588.25
43.89
745.38
302.16
344.33
951.94
168.21
23.68
424.76
840.22
280.36
548.83
359.37
31.00
957.87
765.75
601.34
998.10
586.67
835.92
182.51
503.55
590.73
814.98
570.68
637.92
774.54
976.09
604.53
373.71
603.29
192.78
417.61
348.67
494.94
761.94
300.61
663.15
785.62
725.37
503.37
65.98
274.20
862.74
96.98
232.07
628.49
698.31
230.17
215.16
534.24
412.68
718.71
124.96
227.66
289.39
762.88
2.20
265.48
367.41
375.91
868.76
560.19
793.51
217.43
55.12
555.45
518.04
718.27
341.07
243.41
221.64
407.05
517.61
84.38
504.03
749.68
712.87
202.34
979.86
928.03
736.58
392.54
646.75
861.54
620.19
936.14
624.42
622.39
201.61
991.83
998.29
70.38
552.02
791.81
287.81
607.14
347.26
805.85
325.42
688.33
49.27
547.06
95.38
566.88
631.44
599.41
316.56
344.31
801.75
296.42
272.34
538.33
688.95
919.09
399.87
309.15
855.23
24.29
931.53
56.84
16.13
929.83
127.22
568.15
721.63
415.03
175.29
68.89
220.88
500.71
757.22
270.15
47.77
852.61
837.02
679.21
452.01
153.59
23.52
253.76
450.01
295.86
792.09
138.96
214.95
191.96
448.11
70.18
216.26
379.64
127.02
232.38
309.46
254.24
800.53
31.10
669.26
975.82
99.99
890.14
476.53
857.21
160.29
524.30
709.82
997.31
203.51
161.83
150.90
227.03
415.60
600.90
522.89
207.69
739.87
737.84
399.65
187.97
808.02
615.90
567.61
935.04
848.28
877.07
189.28
648.82
908.17
858.54
624.64
8.16
748.68
101.17
865.37
908.97
625.48
575.19
906.28
828.98
737.03
57.18
56.01
152.62
658.08
578.90
360.31
397.95
316.74
759.95
585.92
124.76
375.85
153.53
59.81
224.14
30.60
249.08
872.95
938.77
107.62
497.59
946.93
856.30
598.77
812.31
765.27
224.24
387.50
671.55
53.23
124.53
728.73
109.24
277.15
386.81
688.14
637.46
784.75
4.88
397.41
370.67
129.64
773.27
524.20
189.45
997.41
554.80
438.54
870.36
493.57
546.16
367.96
440.50
402.46
966.72
252.81
167.74
190.97
640.31
839.29
244.20
764.84
568.01
353.44
41.99
954.82
41.57
679.45
739.57
46.45
76.86
110.24
176.10
850.13
634.43
365.55
847.54
189.23
804.09
717.90
682.80
350.25
85.86
123.30
752.71
52.58
376.10
920.45
243.55
16.41
759.73
487.75
781.25
327.75
841.18
823.24
282.56
882.75
502.69
22.13
929.21
579.55
132.37
105.31
429.69
766.80
470.86
277.23
956.03
274.94
995.13
638.83
625.19
80.99
762.13
377.90
133.57
138.23
298.34
377.12
154.64
58.08
864.86
935.89
385.82
706.04
759.13
668.39
588.80
261.82
690.52
518.01
841.38
822.89
623.31
271.06
589.70
94.17
548.29
545.73
369.12
543.42
184.56
994.31
624.41
946.69
372.20
757.97
84.92
670.55
135.09
239.56
728.63
999.95
175.45
114.45
705.99
934.58
782.84
294.79
196.40
473.36
812.80
37.78
296.25
436.11
308.85
885.95
530.28
857.14
431.68
899.40
400.56
616.24
893.70
24.96
562.93
265.91
782.94
647.85
936.46
918.02
887.40
665.08
917.97
62.85
779.53
623.97
997.44
562.37
918.76
193.84
35.73
731.55
231.62
331.98
167.66
540.47
217.93
697.95
397.61
649.61
597.35
798.17
265.86
491.05
823.13
828.79
756.96
606.07
476.63
693.42
524.09
364.04
358.50
442.07
426.89
138.03
66.03
424.33
700.40
984.79
618.17
736.13
716.34
849.79
68.11
884.00
390.26
286.04
581.95
787.87
935.65
179.30
586.04
201.51
670.35
409.17
30.29
427.31
15.23
506.93
120.72
539.33
870.97
479.22
981.39
297.86
617.25
47.42
722.19
317.65
32.21
340.36
53.78
748.55
190.16
121.89
632.55
580.42
407.93
214.50
368.29
343.58
393.80
954.33
545.09
64.15
363.50
575.38
491.45
378.73
82.31
612.17
918.06
953.28
91.40
899.45
251.14
708.65
946.87
973.33
26.30
979.08
313.69
80.09
727.63
503.85
201.98
360.18
84.27
609.91
574.68
452.56
953.49
968.48
406.89
498.58
32.63
770.39
73.96
524.08
149.12
156.27
136.25
67.18
109.55
227.65
966.62
360.69
936.30
913.49
334.02
962.60
892.57
647.72
42.69
620.20
151.57
244.66
980.38
235.84
854.57
555.06
688.40
808.06
523.54
95.29
306.63
556.17
865.68
380.59
80.25
14.80
536.86
216.51
81.98
646.41
444.16
48.60
7.10
380.46
962.09
341.12
343.06
854.66
988.84
385.75
474.86
140.41
630.41
455.23
376.25
484.98
10.29
64.65
293.03
533.84
159.95
599.66
90.01
25.63
980.25
170.26
40.44
517.12
386.77
122.42
163.53
830.92
171.02
170.63
211.38
133.11
511.75
554.44
987.77
500.59
940.18
462.62
641.00
570.59
917.86
17.26
55.57
928.15
81.91
348.60
461.98
241.86
948.26
551.99
267.49
928.52
722.25
307.93
445.63
109.01
430.34
609.16
939.94
601.36
779.79
151.31
734.47
291.54
705.75
722.24
792.13
645.93
184.87
433.14
216.52
102.72
450.39
272.09
30.87
532.30
620.69
492.86
774.16
568.95
44.85
41.65
497.47
767.10
349.58
943.11
876.11
779.93
552.26
816.05
381.29
332.05
967.36
115.76
623.59
673.11
838.00
415.72
319.05
22.87
848.85
535.57
125.59
299.24
807.66
156.46
831.55
428.35
649.32
605.71
997.30
694.16
647.36
494.78
461.26
996.94
437.88
337.37
776.87
990.15
153.41
158.16
322.20
120.77
273.92
945.78
793.88
111.92
361.50
112.93
134.78
210.35
648.50
260.37
509.60
456.16
416.83
341.15
884.51
66.15
946.85
881.82
760.31
594.21
376.59
221.57
591.16
814.48
558.93
368.03
804.62
712.34
526.18
126.82
833.12
800.10
72.60
627.00
912.02
434.10
739.93
46.81
644.46
388.43
307.18
154.05
844.59
724.01
495.20
729.10
790.16
442.05
610.92
550.47
36.27
987.51
772.03
627.43
801.99
330.97
995.45
606.61
43.31
521.64
733.43
876.43
321.74
806.03
503.43
233.76
240.13
243.36
280.57
884.58
631.79
587.75
38.64
476.38
311.76
533.84
205.48
101.92
975.89
816.40
652.39
12.16
803.92
424.42
639.58
605.90
755.39
635.03
212.51
798.70
156.67
945.94
675.12
478.41
751.96
178.55
712.17
992.09
421.91
992.74
876.67
53.70
580.48
915.31
530.08
892.24
449.14
735.56
994.16
425.03
551.97
646.55
437.19
355.88
70.97
76.77
961.78
826.35
711.80
174.29
625.05
868.47
120.23
300.17
346.88
872.19
478.72
59.05
864.28
900.63
51.79
740.95
954.32
632.27
656.25
484.40
524.51
105.39
219.96
518.67
530.42
771.93
165.22
967.61
127.81
236.19
44.38
89.60
62.54
756.18
263.89
687.59
624.65
384.12
987.77
971.53
256.31
466.49
30.58
120.59
367.11
82.37
861.53
321.44
714.64
517.79
805.84
239.15
623.18
25.80
757.82
153.60
797.74
923.04
121.21
925.55
159.23
165.59
15.15
221.77
921.77
279.04
909.36
546.41
663.16
897.12
517.94
919.47
363.61
548.52
40.05
730.73
630.89
901.59
52.16
345.53
419.37
858.00
584.68
42.55
883.81
342.50
196.16
681.55
265.54
317.37
607.09
424.77
482.96
622.24
646.53
404.72
901.28
555.89
951.14
564.43
453.02
469.08
483.90
816.63
17.60
523.95
547.35
648.50
425.54
599.52
994.03
844.91
457.52
578.71
887.47
341.33
921.21
83.62
22.88
186.75
400.99
629.97
611.51
883.95
252.21
258.05
288.67
153.49
813.94
239.81
717.92
266.95
708.89
201.82
83.58
726.49
725.77
630.93
374.99
151.31
230.45
369.01
996.22
687.97
947.72
883.69
29.30
868.93
967.31
52.18
55.68
368.31
682.15
667.19
252.25
934.36
925.24
540.92
87.85
739.17
780.73
805.77
6.12
489.61
7.59
89.70
216.10
733.36
720.63
591.09
884.67
951.08
960.11
880.89
639.05
907.83
764.57
668.36
776.76
731.89
720.53
832.43
100.19
402.68
499.62
352.45
337.04
424.86
893.37
424.89
164.03
674.10
230.66
170.15
163.71
238.25
259.86
379.82
971.61
980.49
970.91
856.28
931.58
931.01
737.16
570.63
838.84
501.74
238.99
615.59
233.62
959.52
448.03
333.82
362.20
947.65
686.26
699.25
372.51
579.63
124.14
536.54
253.73
354.80
706.69
417.45
593.06
966.55
797.26
564.66
947.04
768.17
420.94
878.62
699.18
158.10
449.25
538.02
659.84
688.23
153.61
893.46
647.75
601.64
227.28
9.95
549.29
913.54
709.20
921.79
493.17
833.34
458.33
746.91
188.14
165.02
164.35
781.20
131.56
961.61
345.86
78.60
729.78
766.80
957.22
428.96
924.90
406.47
966.98
584.74
94.70
120.60
478.20
742.45
722.23
705.48
752.40
271.52
619.02
461.59
193.31
112.19
294.93
651.64
859.10
483.07
816.65
23.45
264.27
948.22
985.06
610.13
26.82
714.85
376.93
984.04
143.81
301.83
390.50
110.79
886.57
485.20
231.39
364.78
227.65
953.63
70.25
980.04
225.15
689.27
441.64
418.46
801.46
736.57
70.09
660.56
219.64
886.74
684.01
483.91
834.96
669.07
94.04
861.78
383.92
470.97
845.82
527.73
772.81
236.32
638.53
659.38
721.53
869.92
24.16
949.17
823.54
94.41
929.22
48.69
783.68
370.85
467.14
585.14
107.42
537.24
245.70
327.07
423.98
929.71
810.98
258.94
598.79
905.02
120.72
982.71
376.00
966.54
510.44
148.80
202.87
148.96
808.18
924.39
18.88
832.34
873.56
842.42
926.75
802.78
891.11
710.43
173.63
358.25
295.57
281.06
895.49
541.27
608.12
319.47
470.99
419.11
578.42
69.77
324.13
699.14
52.48
700.12
665.68
562.92
848.93
868.55
711.88
657.11
792.94
730.76
489.45
666.51
573.18
416.20
469.29
464.29
126.63
642.92
822.55
422.21
923.98
718.04
963.48
532.10
37.51
434.47
951.21
615.93
504.24
275.33
315.07
556.72
975.46
980.75
119.64
824.39
849.30
831.52
481.50
642.24
562.28
970.95
308.75
135.46
387.16
778.04
599.75
513.79
420.95
422.29
936.00
344.93
140.33
899.48
877.03
177.84
333.95
828.24
793.77
838.19
103.57
108.84
394.91
79.03
89.59
514.54
903.42
938.89
346.06
384.92
581.13
908.34
355.87
889.88
43.79
743.03
667.92
643.54
256.82
88.87
65.84
192.82
433.80
206.17
92.30
310.83
384.01
426.24
139.07
177.79
264.43
242.64
286.63
659.34
321.67
376.22
173.88
225.09
315.11
519.94
610.01
896.24
428.28
965.88
786.13
472.07
708.91
454.05
115.61
965.73
542.92
181.45
158.55
976.72
387.62
250.85
287.55
771.63
677.09
426.62
949.42
941.52
669.26
236.05
600.86
990.93
612.27
774.74
216.02
927.38
294.68
826.03
823.62
722.95
791.91
609.75
195.02
500.82
63.79
310.64
466.55
606.71
492.09
625.11
583.43
879.70
875.96
870.98
651.34
553.05
297.60
600.76
494.57
966.86
836.80
95.43
957.79
449.07
870.16
173.81
376.44
164.84
999.84
200.06
887.79
791.75
809.81
82.82
292.57
873.60
393.45
759.13
480.31
885.54
384.23
63.74
765.24
260.19
934.72
416.58
813.24
232.32
17.33
307.81
199.18
854.14
403.23
156.97
303.21
273.39
330.79
679.65
438.23
330.63
879.71
326.02
122.38
689.52
408.84
414.95
563.13
802.29
174.08
43.44
687.83
558.32
107.18
453.07
818.51
41.90
869.65
631.75
274.22
886.98
939.55
473.40
741.12
342.78
630.37
44.33
616.18
961.16
723.98
54.41
291.78
603.69
380.43
414.17
293.22
789.27
829.12
856.34
591.57
3.20
899.78
279.40
561.52
6.96
732.47
380.03
48.86
602.12
11.78
323.08
489.10
951.33
796.47
230.22
294.11
426.84
274.55
910.29
388.00
998.53
964.70
679.78
602.22
345.13
93.95
895.44
134.40
923.07
751.78
725.97
926.27
651.56
5.36
487.80
658.52
737.83
867.83
707.38
339.95
879.60
30.46
829.05
830.93
826.93
59.28
125.04
253.77
333.83
35.33
641.77
332.36
0.02
321.56
934.58
345.15
415.51
830.02
479.56
338.58
581.80
205.52
264.85
233.36
210.89
752.65
891.88
948.72
620.47
599.26
288.67
500.07
629.72
117.72
331.00
456.65
177.00
456.04
710.42
510.82
491.37
352.19
843.18
491.39
673.75
777.76
836.55
89.25
607.78
316.11
427.83
189.58
521.63
692.68
422.94
732.52
445.33
314.83
681.24
65.81
914.09
969.90
565.88
543.81
87.62
896.88
0.46
264.62
352.92
710.88
775.45
844.29
63.07
618.63
335.69
736.82
396.39
172.24
826.07
4.17
488.34
253.91
193.76
9.97
946.59
616.70
742.49
391.92
931.53
423.73
457.73
845.62
393.63
23.61
389.43
481.26
920.49
389.89
745.88
273.41
100.77
521.32
117.71
163.85
139.95
453.39
900.67
536.34
625.63
726.74
540.52
113.98
980.65
734.27
123.95
927.24
350.97
866.44
319.16
282.50
290.17
776.89
128.12
683.80
800.49
517.55
165.05
720.98
907.44
910.93
994.40
8.21
432.25
112.10
172.05
572.20
565.50
72.72
108.54
191.13
799.46
649.06
305.10
780.11
383.34
429.05
707.34
734.31
295.49
26.50
16.81
585.66
803.39
144.92
269.46
603.89
662.47
434.51
324.87
569.91
345.44
319.27
578.12
777.69
431.37
750.17
349.89
996.86
822.89
458.44
187.99
622.35
107.50
493.10
402.46
490.83
922.15
109.80
225.14
217.64
136.30
241.95
803.30
939.69
386.87
72.75
543.58
49.34
507.26
868.45
619.24
852.70
187.72
197.36
630.39
619.08
947.53
980.28
615.94
770.42
438.72
803.94
392.77
546.21
297.03
795.23
37.05
219.18
905.02
262.19
436.83
41.33
504.14
240.13
981.02
891.01
312.88
524.60
940.35
820.14
393.05
559.59
672.84
580.77
756.95
303.23
199.85
704.48
283.51
815.79
474.90
722.23
619.73
867.67
268.45
916.76
662.90
305.50
135.95
567.92
567.69
572.77
609.25
71.83
812.90
590.27
962.84
125.78
114.87
903.19
945.92
507.93
462.79
618.77
88.69
219.74
922.00
288.54
924.22
205.51
104.34
399.12
927.75
724.07
266.79
196.19
640.83
929.69
501.69
776.78
497.61
69.37
349.55
106.86
141.20
162.45
697.13
104.04
288.23
812.00
7.24
234.15
319.93
470.02
852.91
408.62
689.76
774.91
697.16
613.99
980.43
801.50
13.11
908.17
525.57
279.90
104.36
166.40
209.59
606.05
943.17
707.21
675.42
292.73
814.07
816.63
455.17
511.20
920.67
743.40
323.20
927.91
977.55
643.13
397.93
830.46
51.75
87.69
605.37
748.92
701.68
585.80
550.42
714.79
493.97
75.98
994.69
598.34
242.38
204.28
204.38
185.55
911.49
879.81
478.28
725.56
696.43
933.45
236.75
617.10
676.85
559.96
545.01
654.40
203.09
942.93
484.86
254.84
30.63
90.24
3.75
732.30
676.04
554.17
447.09
170.01
630.15
441.78
768.35
872.53
646.06
972.73
58.08
557.55
852.54
536.36
283.11
548.97
469.81
519.86
166.07
146.67
79.82
711.08
801.07
282.91
654.01
285.93
537.74
684.64
376.17
541.50
416.94
52.21
95.67
864.03
222.23
725.82
305.81
990.57
598.35
951.87
963.31
656.43
509.42
815.84
192.79
792.53
364.82
662.60
312.40
530.89
809.27
392.22
241.97
610.34
675.12
895.98
896.27
212.87
580.62
272.45
754.36
997.56
324.66
850.03
861.59
546.89
575.85
167.40
537.46
174.19
119.27
500.76
830.62
628.69
316.61
23.41
421.23
681.42
686.01
733.63
212.31
495.28
125.84
454.28
105.62
800.97
350.26
1.89
13.84
930.87
274.34
768.20
928.43
599.00
618.23
790.02
145.88
194.08
957.42
683.34
368.27
76.68
184.11
198.89
705.37
500.71
222.30
126.60
182.14
908.31
860.23
394.45
403.59
986.07
848.73
509.21
787.04
198.99
511.10
800.88
129.86
785.44
569.08
58.29
384.43
187.31
848.31
530.32
381.39
805.73
213.66
749.65
882.41
397.76
948.54
587.79
898.48
170.84
714.39
80.62
79.15
574.61
475.07
482.73
560.69
323.80
991.94
347.73
522.78
503.04
148.61
652.64
288.48
717.69
710.93
672.91
905.00
559.25
203.23
286.38
364.97
416.89
36.03
247.39
814.65
984.57
835.17
713.12
155.41
549.56
793.74
234.56
124.17
268.81
717.29
684.86
592.61
709.23
32.59
115.39
212.27
181.20
768.03
500.75
898.88
478.97
173.67
803.88
38.21
376.90
90.26
403.19
793.78
126.29
650.58
608.43
110.86
485.75
321.56
266.27
35.31
115.30
500.83
159.48
384.11
218.12
844.34
976.71
927.35
876.93
92.10
139.62
58.13
860.14
640.38
957.01
339.11
814.05
760.89
377.32
190.95
851.15
780.51
984.73
977.44
431.09
593.16
88.30
916.83
914.72
354.58
952.14
30.02
855.41
111.62
414.12
73.52
955.97
390.84
0.88
832.90
482.94
140.50
891.03
343.08
780.88
848.04
682.19
594.93
608.93
59.51
785.87
460.08
840.02
770.60
437.52
271.10
363.77
525.82
187.94
278.49
880.40
140.08
308.50
735.80
251.70
722.63
809.33
207.66
113.47
810.20
40.56
596.41
950.70
931.59
939.49
731.58
779.63
621.68
326.51
388.56
681.19
112.38
848.64
521.20
882.98
286.16
792.31
246.75
811.98
980.24
525.24
692.37
120.32
833.74
428.18
372.02
556.37
237.50
579.68
669.84
47.71
620.24
266.25
998.41
551.83
205.74
729.99
331.46
827.42
56.50
720.02
508.61
168.88
568.66
29.81
51.86
854.82
822.11
298.62
666.79
802.36
823.85
359.17
922.67
657.60
787.34
294.69
213.97
24.85
874.37
883.81
72.55
494.61
150.06
70.96
46.44
355.80
800.95
377.90
183.22
857.45
97.93
691.83
26.33
666.59
721.64
78.20
521.41
543.75
376.81
188.20
346.11
200.67
547.37
268.78
858.26
334.71
563.47
72.23
359.56
437.84
956.04
432.11
932.44
106.09
503.08
978.89
461.89
304.03
356.79
645.12
161.48
454.72
336.94
187.82
121.31
58.58
266.01
642.72
602.33
642.83
830.92
948.44
843.49
378.30
217.22
701.76
713.01
780.69
773.99
72.57
218.53
730.02
504.69
150.97
836.12
7.76
129.86
298.01
311.79
486.65
943.13
473.27
941.36
280.07
661.09
62.67
338.65
927.10
705.39
940.98
569.93
536.32
889.42
413.43
914.61
106.64
115.18
627.62
887.33
889.17
700.19
105.86
619.19
204.88
256.83
455.31
212.64
386.69
753.32
524.44
873.33
696.44
997.71
814.70
976.51
658.80
877.37
315.16
585.90
582.77
256.14
155.83
119.08
145.56
569.26
33.70
252.20
684.44
661.32
139.53
573.61
361.51
245.39
192.80
566.40
502.22
648.11
779.04
888.91
401.42
303.47
762.24
97.86
301.18
576.94
74.37
959.98
454.32
389.53
545.89
37.08
645.67
701.72
156.17
791.22
270.98
189.86
43.42
955.42
851.18
182.95
529.03
212.70
428.34
721.83
779.09
930.56
369.93
558.13
819.47
771.36
861.61
581.71
869.22
162.79
158.66
943.59
122.77
612.97
333.12
668.66
650.06
978.79
370.38
806.22
770.01
641.35
996.09
813.44
596.77
847.27
996.39
125.80
59.97
424.73
847.62
839.07
355.29
217.56
397.20
174.76
988.91
258.81
756.47
858.13
421.60
915.13
801.72
544.37
528.10
134.85
213.03
178.16
113.63
583.40
984.38
883.65
224.76
980.47
697.08
821.53
827.74
693.47
947.32
887.71
118.20
794.95
726.77
473.50
12.50
123.97
648.26
1.42
382.78
404.73
859.55
804.37
319.86
661.27
348.74
847.97
796.11
561.77
26.12
909.75
145.17
10.50
793.40
369.93
990.97
490.48
191.45
818.71
183.96
138.78
706.42
302.16
933.72
433.19
775.66
946.23
557.17
423.92
947.64
939.94
828.65
807.19
744.32
148.52
468.46
93.06
996.48
264.57
654.83
22.60
174.32
800.00
33.11
967.72
169.92
24.08
458.20
361.38
842.79
642.16
500.15
549.20
944.32
433.87
982.40
719.98
380.10
539.56
143.89
327.74
479.50
972.55
134.93
223.82
121.06
603.39
316.88
117.54
867.96
971.71
140.15
42.28
771.70
173.26
10.00
941.63
197.33
468.20
303.00
40.12
110.36
803.15
589.32
54.68
237.03
571.72
774.66
617.13
111.28
918.55
944.87
590.79
891.10
79.80
814.61
12.16
683.18
131.49
129.70
551.14
103.19
269.85
593.42
874.89
443.11
603.43
816.52
640.44
71.63
119.52
680.56
181.99
922.67
269.88
236.67
159.70
841.60
11.33
776.82
952.88
929.89
721.69
543.67
820.99
801.49
358.27
833.15
484.67
489.76
962.85
35.82
592.95
232.71
629.24
467.84
675.81
232.67
284.36
316.25
304.30
403.88
996.81
486.29
326.56
266.69
722.96
486.26
108.29
734.30
263.08
61.17
664.18
984.77
604.84
485.17
786.26
963.11
318.32
270.94
452.87
281.18
306.76
45.82
513.89
936.00
513.66
189.70
168.67
798.02
505.95
472.96
201.91
502.76
959.25
528.46
769.46
682.22
14.72
877.75
416.51
277.80
938.92
80.70
262.57
543.76
565.87
48.84
506.88
884.19
319.77
959.75
165.37
626.53
5.57
679.26
562.53
519.23
868.96
731.19
317.25
374.91
204.16
519.16
877.67
163.41
47.63
647.13
845.62
62.34
524.88
262.14
340.14
463.81
342.83
602.72
7.57
908.70
651.55
514.45
792.89
971.32
474.19
958.27
597.85
479.76
637.52
160.38
998.99
506.48
891.57
316.24
881.39
95.72
835.40
759.06
259.13
883.03
406.19
104.76
945.37
931.07
366.89
285.52
394.88
709.72
888.23
402.45
618.42
539.79
916.89
411.32
511.11
391.09
369.59
108.96
870.85
7.11
269.34
869.83
513.59
160.90
186.08
394.97
256.63
21.48
154.03
515.76
904.50
560.22
620.51
849.87
491.29
987.41
135.39
886.17
697.13
23.62
288.62
315.55
563.41
205.51
726.87
74.52
596.60
96.46
183.48
467.44
103.57
452.82
337.28
617.15
613.72
523.35
12.12
870.35
544.83
166.16
386.11
449.33
726.38
6.62
299.21
217.67
994.03
434.60
103.84
691.16
458.22
392.45
6.71
21.63
597.96
733.58
96.15
194.56
830.04
279.63
662.00
933.61
732.44
999.28
550.76
346.17
522.63
562.88
216.52
67.46
729.04
602.63
516.80
455.41
609.25
816.00
673.08
603.28
250.60
776.92
294.44
708.82
169.38
301.15
730.45
767.34
34.73
826.60
961.90
864.77
106.23
623.91
798.38
838.67
623.19
349.14
184.84
145.82
912.02
401.35
213.29
641.06
3.98
730.08
96.47
613.23
546.09
769.55
216.51
796.69
546.48
510.95
505.51
715.85
812.10
235.95
483.20
846.83
62.55
445.10
711.60
168.78
69.01
509.98
7.45
692.20
859.12
192.29
838.02
771.14
593.64
51.31
412.19
597.62
781.39
508.66
210.85
327.48
278.22
427.36
124.16
824.69
938.31
629.67
540.55
750.41
865.62
23.74
597.23
928.18
468.84
308.83
96.96
537.85
818.81
104.41
230.04
677.93
296.70
68.06
449.07
890.34
119.37
861.26
487.97
900.76
369.92
698.82
228.24
648.13
126.18
352.41
472.83
64.49
982.08
13.37
814.90
847.70
37.11
412.13
775.88
505.95
720.97
872.83
43.80
539.78
977.24
273.84
217.71
273.94
341.90
666.78
164.28
461.27
528.03
652.25
362.04
897.95
351.06
590.28
546.08
477.25
942.69
18.91
541.74
924.76
32.28
356.64
772.46
69.39
768.77
548.34
575.34
489.74
421.17
619.14
29.52
398.41
892.98
247.23
672.35
234.89
914.01
836.63
696.16
442.04
488.87
58.20
339.99
839.94
648.48
886.07
317.19
591.17
904.98
858.93
515.93
937.26
215.57
288.39
6.66
984.34
836.73
582.00
474.08
257.90
201.14
503.60
656.31
94.12
750.83
328.66
329.01
664.84
165.29
25.17
106.88
654.16
83.37
446.86
494.10
731.85
332.94
811.29
323.02
237.92
670.21
838.95
175.19
885.78
127.34
181.84
870.12
964.07
763.84
344.20
221.97
964.99
847.80
878.28
59.11
598.63
206.94
388.12
263.47
372.23
413.29
370.34
26.39
496.66
817.21
520.49
228.52
150.15
331.77
551.54
388.07
1.99
390.49
563.26
887.77
517.83
745.10
757.89
481.91
508.95
102.09
703.88
473.93
949.89
582.16
533.04
548.52
789.10
921.16
811.99
161.33
334.46
182.34
187.71
831.12
999.55
708.20
59.64
149.70
39.97
611.18
537.77
41.96
1.66
101.02
929.73
519.50
846.12
687.62
1.41
355.07
789.71
705.29
829.00
739.61
287.45
362.04
288.13
76.55
283.21
100.12
237.88
617.67
282.46
425.60
448.79
282.01
133.80
508.43
431.70
173.77
119.60
969.47
215.73
121.27
70.49
145.47
640.76
916.62
833.09
642.17
271.69
622.80
347.46
100.69
362.41
634.91
462.73
650.54
711.46
745.94
750.66
949.35
363.61
33.12
374.94
812.40
315.13
508.74
320.82
746.84
682.51
440.42
716.30
898.24
561.69
786.80
43.71
202.45
703.41
876.79
844.62
975.10
499.60
192.08
75.79
862.00
826.99
538.52
512.54
538.46
284.47
263.20
487.80
648.07
296.33
862.74
460.47
611.46
371.48
781.29
358.29
53.99
221.71
74.60
952.23
783.40
861.39
995.94
985.85
564.81
872.73
830.47
539.91
372.33
22.55
615.70
234.33
849.54
154.23
746.87
388.00
438.69
10.08
875.81
86.77
306.40
738.55
547.24
917.86
110.03
328.53
276.15
164.02
550.24
350.75
116.25
333.63
212.14
112.19
319.48
776.95
984.92
149.95
316.86
357.25
172.50
932.56
591.58
22.04
86.79
338.45
410.04
525.48
348.53
285.85
612.25
654.93
24.40
159.48
572.79
134.43
488.01
848.94
298.46
38.25
199.69
414.71
371.88
411.84
526.90
691.36
188.79
511.82
841.31
505.65
869.06
13.81
438.21
460.64
35.85
525.00
799.09
445.90
50.48
147.62
731.75
662.73
802.55
756.15
822.21
375.33
890.58
310.23
224.28
189.04
348.48
423.97
603.74
720.36
835.80
130.64
411.72
24.59
642.46
253.03
530.24
511.52
266.84
968.46
972.16
302.69
493.46
771.25
748.59
543.94
918.87
480.34
206.67
721.41
236.49
28.88
96.75
127.07
339.11
321.02
316.10
687.58
744.99
919.85
407.94
580.79
50.49
819.66
605.38
692.94
72.70
135.63
204.46
339.54
104.08
176.62
642.23
597.54
947.87
390.82
141.48
866.73
871.16
348.14
588.14
107.65
377.03
684.89
234.72
716.13
5.91
550.82
403.72
750.90
470.67
811.66
331.70
521.16
631.32
937.08
214.10
704.02
72.71
418.56
43.56
176.79
595.18
685.79
774.33
543.05
76.61
915.80
409.78
947.78
263.95
997.93
55.42
640.97
682.82
290.14
357.11
688.73
840.96
760.83
439.63
311.63
572.49
771.33
832.79
203.81
708.41
46.89
907.83
781.11
465.45
951.38
957.90
60.63
637.17
732.23
603.68
713.78
648.03
13.46
661.56
911.98
11.38
716.98
552.96
694.20
7.12
910.06
382.93
848.08
670.89
822.56
159.71
243.38
593.89
992.50
447.18
302.30
39.39
355.01
83.41
504.83
306.39
41.31
565.46
943.57
773.54
169.14
657.35
421.58
182.60
318.91
333.56
193.98
35.89
886.52
888.18
43.02
796.58
271.11
891.10
467.47
93.68
50.81
710.85
687.57
43.31
158.03
989.86
82.70
513.04
73.28
587.53
819.44
114.59
152.99
763.00
888.13
322.13
420.35
309.71
504.73
739.26
643.27
698.71
775.16
529.79
586.89
818.17
326.37
858.00
709.27
793.84
951.68
760.08
504.69
639.25
803.40
662.72
629.11
886.09
175.76
702.39
473.62
995.20
816.98
626.62
758.20
705.11
948.75
178.56
14.82
453.47
917.82
658.10
152.18
692.97
187.89
739.07
511.15
514.26
597.07
220.42
308.10
548.75
980.50
812.79
187.99
783.90
475.51
817.10
669.99
651.27
519.49
143.62
646.47
336.46
770.23
404.68
41.58
718.98
583.23
56.40
172.45
501.05
714.50
324.63
194.02
902.38
63.70
705.17
416.64
660.77
925.59
724.74
209.51
906.09
537.53
397.51
689.99
13.05
214.61
359.98
664.32
734.10
503.59
310.79
70.56
273.83
715.47
112.14
992.81
298.70
168.54
165.26
799.75
883.03
489.89
993.78
785.42
553.59
698.95
202.06
214.35
624.53
926.81
423.87
530.62
464.34
821.38
220.61
477.39
35.98
580.59
141.71
770.08
84.18
452.50
840.64
358.01
167.97
952.78
350.81
466.67
121.32
516.07
266.43
4.35
5.96
260.20
789.77
559.54
959.15
991.83
773.90
583.68
918.64
197.77
114.30
382.98
19.14
334.91
860.36
55.13
915.49
2.07
825.21
999.67
454.57
665.85
357.68
622.54
618.63
708.49
89.21
739.95
224.56
355.64
744.30
230.52
615.84
534.07
790.06
574.99
525.90
563.96
158.67
444.54
761.73
272.97
827.52
780.87
607.88
687.88
835.99
523.37
689.95
661.20
523.05
144.51
327.06
880.73
767.05
945.69
589.22
856.26
685.64
813.78
211.90
429.95
44.30
827.74
964.02
834.36
402.73
489.92
398.32
561.40
934.46
160.04
834.37
761.98
940.91
442.25
449.86
776.91
965.62
139.81
438.11
488.67
284.32
765.17
369.40
51.37
710.86
958.61
907.63
396.50
772.39
119.53
826.45
816.69
947.28
790.47
651.05
350.01
280.39
49.36
911.42
214.86
209.41
745.79
976.84
150.32
188.04
426.70
927.22
153.67
566.50
365.33
642.34
850.82
130.50
11.73
902.19
841.36
970.35
809.83
237.86
742.74
929.36
64.31
559.43
876.64
854.78
210.48
226.65
135.17
259.84
138.07
350.02
469.25
883.86
326.86
619.56
71.90
753.55
546.78
225.57
320.06
912.12
867.91
170.88
42.61
879.64
73.07
883.97
849.99
882.90
121.82
592.73
812.26
186.13
152.17
688.90
40.91
362.64
915.55
176.07
622.49
53.62
526.10
91.73
937.48
852.95
711.30
9.38
606.51
258.08
234.95
926.56
170.20
102.86
97.44
212.81
982.50
170.51
96.78
832.49
53.41
218.60
425.23
865.68
404.73
577.39
554.58
445.64
940.04
470.13
621.71
562.52
523.76
147.80
654.25
461.24
0.76
365.55
470.62
607.26
623.63
705.57
533.83
793.83
808.43
631.27
6.64
790.93
801.78
103.41
623.42
855.20
322.01
48.65
720.87
726.74
626.04
275.45
172.38
566.08
745.59
794.09
128.60
269.34
941.89
782.86
730.58
942.65
148.41
201.20
549.91
772.04
906.77
83.74
565.87
715.19
715.01
572.50
506.12
516.79
675.91
129.54
371.99
997.92
178.19
92.86
724.66
804.24
368.31
897.04
370.32
113.90
691.13
498.92
383.24
633.02
281.78
113.82
575.67
430.19
315.02
125.58
202.23
221.79
209.32
768.09
936.98
924.33
340.60
443.11
441.12
16.51
572.65
813.10
14.43
750.84
905.96
739.10
555.08
274.27
636.14
925.40
388.17
327.26
424.32
771.42
960.28
706.10
885.24
535.94
136.29
200.26
661.52
338.51
422.05
870.84
106.61
359.04
795.16
447.21
802.15
236.28
463.72
374.80
49.38
478.15
125.64
955.34
217.24
680.72
229.61
853.38
606.12
617.79
180.64
30.44
389.20
140.92
736.54
274.44
676.86
872.83
474.71
338.38
211.35
896.76
209.22
317.96
255.80
4.39
765.16
57.94
240.67
228.88
432.74
290.05
707.02
558.38
245.39
924.27
239.11
475.00
777.65
845.23
92.79
958.29
875.67
481.99
99.21
612.22
756.43
776.07
485.05
231.14
114.45
696.40
127.90
323.68
14.35
383.69
328.07
779.51
441.64
568.73
8.39
874.38
858.78
715.41
432.76
104.17
639.68
671.87
579.17
417.33
517.10
671.96
375.62
392.77
153.95
474.82
4.99
910.38
250.90
490.04
141.52
365.35
186.44
269.41
689.03
200.79
653.11
17.09
980.30
94.75
585.83
988.69
969.13
444.61
704.11
401.89
548.78
343.79
73.76
127.95
761.12
590.86
799.91
136.73
983.63
953.86
611.56
988.63
864.25
862.45
478.67
5.76
227.80
665.11
275.18
916.83
865.90
928.29
933.92
846.20
23.03
519.75
834.89
992.16
964.36
539.00
394.05
513.13
882.79
467.81
641.08
643.90
58.67
441.00
780.63
42.31
394.86
392.19
30.93
259.10
254.65
509.60
264.87
482.45
174.71
540.05
399.28
40.61
468.33
333.20
886.81
491.37
852.95
721.70
483.53
817.30
260.70
877.58
330.44
143.49
345.39
971.52
787.39
404.06
412.51
568.02
446.37
807.37
960.21
477.30
66.48
214.86
986.90
331.35
697.31
161.62
871.39
96.58
202.23
339.73
429.79
89.04
831.09
282.73
810.74
314.62
100.04
71.44
192.20
430.47
214.93
537.59
401.99
2.32
941.66
814.51
570.34
388.03
621.88
530.55
865.33
688.36
745.41
852.23
19.70
442.72
13.85
891.10
539.30
216.07
230.82
969.09
305.11
61.92
251.82
115.85
376.54
351.86
187.29
568.74
782.34
402.22
106.33
184.33
404.54
47.99
998.84
974.87
436.02
620.72
505.43
301.34
309.07
250.84
153.57
328.78
693.56
167.42
219.87
232.86
383.49
450.69
201.95
688.60
512.61
453.77
804.45
889.14
805.63
991.74
457.88
587.97
393.96
564.22
772.30
798.50
612.21
771.13
773.37
48.22
391.85
278.80
349.57
700.92
529.63
503.14
29.70
223.19
670.56
249.57
456.05
54.06
700.26
658.00
742.66
212.87
111.77
547.11
102.01
917.41
538.85
559.89
505.38
932.82
124.11
277.67
731.31
736.32
48.81
504.68
784.54
440.66
783.48
134.11
141.58
313.11
637.25
171.28
536.30
307.81
420.84
992.35
361.86
121.10
650.35
104.52
333.97
762.12
651.64
435.98
679.53
190.49
995.87
184.90
123.31
119.98
462.57
854.62
856.30
511.38
359.30
640.84
952.04
142.77
774.95
93.62
455.88
412.19
264.89
992.18
720.00
685.73
984.53
81.87
806.84
634.87
186.39
140.80
396.99
838.03
576.78
76.52
28.52
572.65
261.42
151.82
692.63
723.99
6.44
548.93
235.38
365.74
189.77
187.41
508.51
964.72
281.03
964.39
376.91
545.92
956.57
96.91
231.66
941.10
178.78
38.49
575.98
365.17
179.29
972.97
203.19
756.07
49.49
231.71
328.72
310.91
383.54
21.35
34.90
389.98
570.28
270.28
755.72
760.05
457.69
264.23
724.76
738.72
228.63
101.67
284.65
185.20
198.58
516.31
126.30
377.36
554.80
702.28
742.52
734.09
675.25
945.72
490.17
724.73
177.43
818.89
35.64
560.97
840.23
70.55
950.95
410.51
340.83
706.66
170.56
798.52
970.90
895.32
537.24
199.52
996.99
821.89
384.72
195.58
338.20
511.02
572.93
893.00
213.30
315.46
627.09
888.54
261.18
117.25
613.28
438.61
936.14
648.92
999.57
776.37
719.47
950.52
186.89
60.29
657.18
357.45
858.81
628.08
252.77
396.06
827.60
249.76
217.95
212.32
445.33
556.15
723.34
18.27
449.14
936.64
333.73
76.23
825.19
594.90
193.49
438.46
33.51
129.63
87.38
33.08
906.00
806.85
983.60
92.89
867.14
640.79
450.34
725.96
268.87
703.10
122.01
96.47
952.86
339.96
308.80
398.19
896.11
32.14
416.46
345.26
968.78
750.19
421.49
793.97
345.09
614.98
232.43
378.60
744.61
319.81
411.68
650.61
126.67
395.29
743.50
993.81
36.08
193.84
719.76
304.95
896.94
841.78
401.42
849.80
181.74
710.21
247.99
77.85
742.35
664.45
423.10
711.14
414.64
844.59
505.11
759.73
459.57
737.54
138.33
204.18
57.35
550.02
854.79
184.02
945.30
598.29
177.83
981.38
792.12
897.59
286.33
689.06
739.37
687.75
538.86
921.10
397.96
786.85
998.95
140.32
451.30
422.06
851.45
865.95
266.65
356.56
625.68
726.22
94.10
764.01
930.40
151.45
314.03
785.18
335.47
259.33
383.47
513.29
240.71
175.59
410.88
527.04
864.65
150.25
214.79
403.51
71.35
612.75
190.36
70.31
753.07
641.66
492.36
604.52
507.61
759.01
961.08
133.29
485.23
55.18
897.30
415.63
206.63
211.33
200.81
542.10
470.66
584.28
55.39
711.37
759.87
466.28
238.41
624.53
616.53
453.20
28.04
687.88
65.95
218.39
758.19
819.01
860.06
250.55
423.53
367.67
9.57
384.61
500.96
494.80
439.79
398.25
910.43
646.42
609.58
111.25
188.52
80.24
695.53
243.91
791.60
455.40
710.18
30.01
79.93
326.71
483.21
107.96
14.59
549.16
326.36
772.78
368.17
186.42
23.33
791.71
554.08
32.90
176.32
55.04
527.70
616.11
453.29
438.13
262.53
62.87
549.38
451.05
143.11
244.91
694.96
934.71
700.31
405.14
964.73
780.24
731.85
447.94
888.20
746.44
997.10
214.56
519.22
365.27
400.98
542.56
156.98
955.06
575.46
333.31
10.10
103.16
949.42
463.39
541.29
211.95
526.27
90.67
663.01
669.37
335.58
357.96
604.08
35.88
763.11
568.81
816.12
494.96
16.75
704.32
241.41
13.85
918.88
760.63
379.12
319.86
303.19
536.10
274.92
878.64
869.41
285.02
981.80
818.83
748.41
523.10
30.78
274.68
613.76
693.79
944.05
949.34
51.75
548.14
985.23
814.86
116.94
801.35
309.82
133.69
505.67
551.22
147.54
424.56
311.85
526.66
744.42
615.04
62.76
19.34
493.69
932.16
304.36
475.49
750.99
52.77
998.59
781.77
327.45
612.35
475.56
271.50
561.69
527.31
819.64
546.92
342.16
936.58
348.27
651.98
70.28
853.94
203.21
217.81
278.49
515.06
744.47
22.91
130.10
807.22
42.25
623.79
739.39
346.61
99.28
490.37
399.38
97.87
272.14
726.84
710.22
747.70
998.34
271.91
275.01
817.98
818.83
617.17
754.56
167.09
269.15
824.84
21.03
472.36
42.65
299.53
987.42
787.12
322.44
117.53
594.34
364.69
741.32
333.72
711.30
840.60
824.10
110.68
938.47
96.24
837.52
648.68
843.94
835.86
920.59
118.95
653.84
739.42
736.12
408.40
906.51
5.27
233.23
927.55
477.63
275.88
227.07
465.05
63.00
549.51
582.58
657.34
914.20
323.89
991.06
625.50
164.49
815.16
736.19
102.96
911.40
573.71
751.64
755.35
409.57
672.24
874.29
63.40
411.66
610.41
471.80
318.17
615.68
705.04
245.72
93.31
980.92
472.79
558.36
43.92
22.30
140.93
701.26
936.50
464.82
692.32
562.00
629.32
507.48
298.19
732.27
418.88
871.89
483.92
174.23
281.46
156.15
48.52
344.86
567.81
658.93
816.66
885.99
274.61
521.70
131.71
367.92
502.62
604.50
926.27
546.54
626.80
67.20
247.80
563.30
532.03
940.12
125.30
161.34
447.60
423.49
893.62
866.48
295.38
377.53
40.71
576.84
533.69
89.23
921.70
101.50
748.16
738.37
987.49
22.77
260.07
119.19
390.69
762.69
723.69
316.96
309.23
350.49
384.17
557.02
913.79
916.19
497.14
39.10
77.54
944.73
462.59
971.16
811.21
757.97
348.69
851.92
334.81
882.38
941.16
256.51
983.88
689.32
994.88
971.36
712.09
254.95
90.56
102.78
17.64
814.25
419.74
326.86
164.74
803.91
883.89
78.54
720.10
381.03
117.63
797.64
325.76
580.22
768.80
136.98
338.19
117.49
988.90
673.00
999.87
930.06
929.52
983.74
619.38
924.40
955.10
331.47
179.35
45.66
434.25
196.98
859.91
854.00
523.85
24.65
657.91
407.74
103.19
378.01
788.77
220.82
175.65
114.53
801.05
944.45
251.51
139.24
61.94
240.41
812.24
61.81
170.46
741.76
45.55
789.84
666.16
0.65
121.31
845.50
46.32
555.57
42.48
906.23
409.57
566.33
930.88
67.47
974.07
34.07
445.49
762.83
254.89
621.14
877.36
55.94
565.59
128.87
195.18
627.53
369.28
7.42
689.34
539.74
749.17
734.89
329.58
415.33
735.54
450.90
260.83
781.86
6.46
303.32
688.08
416.03
869.65
618.96
483.50
843.71
653.03
928.99
606.55
907.92
550.13
483.91
963.86
115.72
612.78
159.04
743.25
982.05
166.45
432.59
521.79
915.63
167.48
851.38
330.96
903.03
302.27
591.79
684.89
308.73
895.10
372.97
724.76
764.75
991.94
208.26
608.47
644.97
137.25
215.01
552.89
687.38
698.92
516.75
803.10
311.70
675.79
546.35
293.75
842.24
978.94
815.55
757.87
146.43
666.92
88.83
49.46
969.20
680.62
734.34
277.93
575.72
107.32
2.69
340.47
99.25
210.96
948.94
744.22
348.21
163.95
297.11
35.59
862.88
813.86
838.68
174.58
489.66
385.03
468.33
331.90
363.98
283.88
89.77
510.41
950.80
178.60
559.86
920.00
859.22
294.21
197.93
434.94
401.52
200.62
775.41
500.78
411.58
724.35
245.00
759.79
888.30
542.11
795.38
751.18
355.97
634.06
925.75
845.63
19.10
394.09
177.53
383.08
677.97
267.30
893.48
628.77
445.90
453.35
548.77
305.11
747.56
746.70
740.05
149.08
947.32
515.46
649.86
358.90
239.81
894.86
118.69
128.11
436.96
914.07
879.28
792.94
548.13
805.04
638.57
567.23
199.13
816.10
950.30
877.09
83.39
843.79
505.86
529.29
297.13
54.63
834.41
44.69
801.33
574.46
193.77
748.65
89.92
843.63
107.55
329.73
738.48
226.24
457.83
175.45
140.31
337.12
968.39
688.44
142.16
606.95
255.67
341.28
423.05
205.98
218.37
506.44
49.77
724.23
35.74
346.90
778.86
870.14
391.59
580.19
444.60
585.36
328.83
534.52
428.99
436.38
864.24
167.47
662.62
322.08
342.92
802.94
659.20
311.30
491.38
801.35
918.26
747.06
142.64
341.30
953.03
361.01
847.75
2.80
85.24
883.48
349.70
864.10
753.63
741.29
444.29
198.22
326.65
773.12
732.74
755.64
209.51
596.99
923.11
872.13
919.06
266.03
675.07
578.26
577.33
166.45
379.61
495.58
913.51
522.25
836.89
866.54
883.26
684.64
869.34
968.50
568.12
219.04
832.60
321.74
960.33
276.89
519.97
286.98
50.02
252.71
42.62
259.53
849.70
965.73
131.66
768.76
231.76
806.73
347.02
809.08
973.18
726.63
304.67
886.69
248.88
141.56
753.23
132.13
826.19
622.57
100.63
394.31
841.62
933.23
716.06
801.95
210.13
236.02
88.94
260.15
488.74
131.56
519.68
338.43
97.29
651.34
107.19
329.04
458.07
454.21
138.13
431.25
180.84
442.80
317.94
429.71
584.36
71.17
561.85
410.55
693.74
662.48
804.86
535.36
595.71
520.92
337.31
805.84
756.94
426.25
65.99
245.68
557.81
585.67
584.11
655.10
237.00
691.30
984.14
695.07
145.51
122.27
126.32
326.35
565.07
444.25
756.06
149.43
515.42
317.91
559.98
209.16
980.39
364.84
744.52
576.10
885.76
81.84
381.94
642.70
508.09
447.93
888.38
65.90
33.60
472.49
721.00
270.61
163.79
705.14
965.68
309.31
827.41
91.99
635.66
392.49
536.24
391.72
541.91
51.66
709.63
101.89
260.83
690.02
466.73
5.35
266.12
352.50
87.19
648.07
995.20
595.28
96.00
883.58
661.17
129.60
356.08
382.17
400.21
519.87
87.31
365.88
829.18
914.73
457.88
464.83
307.21
994.12
856.56
849.12
45.78
566.19
951.02
306.61
256.21
417.75
311.96
522.33
770.25
399.15
170.40
765.45
994.42
266.40
649.03
655.60
396.00
5.11
37.77
796.21
524.98
125.08
162.09
354.15
39.81
619.97
818.99
347.02
614.09
675.54
196.14
659.87
241.73
147.16
966.48
497.94
564.91
278.44
20.27
335.16
677.59
190.67
100.61
672.01
457.07
749.64
327.61
853.07
754.75
365.38
649.27
279.72
490.46
811.37
633.87
530.26
431.33
452.86
877.28
45.42
128.40
73.43
705.29
370.13
220.59
671.77
868.07
785.50
950.22
888.34
120.66
627.81
79.01
221.27
299.82
536.08
970.91
627.43
389.14
725.66
992.80
38.41
5.38
483.26
849.78
639.25
13.53
281.11
92.11
890.81
326.53
220.51
964.24
31.82
590.64
184.82
703.60
458.71
970.32
653.81
347.05
90.98
281.62
426.06
312.26
581.44
962.13
283.17
208.86
351.28
8.82
201.66
389.69
14.20
684.92
239.47
653.45
698.45
520.58
745.55
589.26
847.11
966.06
553.49
878.94
556.70
738.32
582.53
15.41
708.64
236.35
362.46
799.63
517.97
788.52
111.88
99.40
750.65
395.05
308.26
101.93
403.87
509.93
491.62
418.07
194.85
731.09
71.51
893.30
251.67
817.07
482.56
98.78
783.13
36.05
977.72
339.83
774.37
560.25
355.24
483.01
796.60
717.70
282.64
314.56
506.22
394.52
413.96
256.88
789.57
722.23
358.81
193.43
232.15
850.43
611.50
427.00
581.51
683.01
320.30
833.18
500.08
802.86
931.96
283.21
838.92
909.68
623.04
613.29
469.92
978.28
96.30
266.52
695.98
378.94
581.08
202.20
773.46
995.05
459.07
563.03
717.27
817.88
756.46
949.42
668.31
367.96
376.43
249.82
50.97
696.73
83.00
551.05
499.60
14.96
834.25
338.52
924.63
457.29
951.81
394.56
435.56
48.11
661.08
131.54
427.05
242.16
333.74
200.51
237.21
792.81
763.54
954.48
610.69
520.00
903.90
278.99
887.95
280.33
528.81
938.92
977.06
611.81
489.97
476.66
626.77
324.23
815.17
551.40
781.51
766.98
945.95
217.08
815.09
607.03
348.62
242.14
849.19
682.35
442.66
86.40
475.16
206.19
40.88
85.85
726.19
944.78
364.85
614.14
225.11
893.66
553.07
202.17
505.47
43.04
678.82
132.24
367.27
494.00
683.64
148.78
260.98
629.59
365.86
76.07
236.62
714.48
318.21
85.81
396.83
760.87
172.21
871.99
967.06
213.09
957.85
693.25
157.86
322.69
307.40
382.97
216.36
860.47
585.14
721.83
903.51
263.96
854.06
270.78
757.95
537.70
419.56
18.93
167.29
785.42
95.00
403.91
499.89
413.21
489.72
896.72
174.08
661.93
768.72
141.14
875.02
726.56
834.40
32.88
49.26
141.79
415.85
265.61
2.26
0.98
987.44
905.77
264.94
841.50
176.55
22.90
379.20
596.10
41.83
546.48
381.52
136.83
950.39
881.42
550.04
440.11
778.14
724.12
102.05
546.86
865.26
977.06
273.42
699.66
9.94
322.68
841.45
425.79
588.29
843.71
426.77
575.73
749.48
691.71
417.24
926.03
714.61
796.43
522.13
756.44
342.92
903.66
893.27
293.31
785.07
443.31
733.43
563.21
167.43
835.47
110.07
32.69
812.53
383.49
732.35
822.47
706.17
573.80
248.26
294.47
417.52
675.04
870.20
167.00
366.75
287.44
93.03
81.36
83.87
615.16
837.80
426.79
518.82
731.07
720.10
303.89
174.37
453.52
867.10
341.80
289.00
977.17
374.49
101.53
360.66
106.84
924.00
66.83
680.64
172.26
361.30
98.16
847.30
231.50
265.16
214.05
518.94
358.19
295.41
602.81
973.35
133.21
29.60
492.17
864.28
749.70
796.06
38.65
203.22
663.16
380.45
492.22
640.34
754.94
593.75
1.00
861.78
517.75
67.83
542.42
690.01
429.13
640.58
537.31
660.64
905.74
751.36
179.58
263.93
46.78
782.39
237.29
179.99
811.99
729.46
44.27
561.68
525.52
82.93
764.91
188.69
463.38
257.13
829.02
218.32
850.87
830.02
80.10
368.62
897.85
622.52
58.63
326.99
263.10
595.94
987.63
168.84
347.30
167.20
432.77
394.08
949.59
670.06
574.07
761.58
399.52
618.35
323.26
925.04
701.27
88.17
113.73
164.65
345.29
942.75
382.96
196.16
772.77
463.06
564.78
670.63
85.58
623.41
997.61
348.68
219.35
985.24
517.52
566.66
152.44
950.29
960.74
102.04
620.35
534.81
863.61
19.87
153.16
186.87
944.91
854.43
275.04
58.64
19.07
620.33
1.39
402.04
816.50
774.16
865.10
381.28
444.78
950.68
4.69
442.40
299.36
224.04
427.64
816.87
790.70
580.08
767.16
751.43
682.12
387.51
286.24
545.73
407.38
439.40
732.60
352.28
293.83
7.65
410.92
312.90
627.98
412.30
714.94
444.48
186.46
580.04
825.76
631.25
530.72
830.45
73.65
830.07
54.49
501.29
646.95
845.18
81.37
414.11
596.61
763.49
801.62
882.86
309.22
208.99
322.26
41.82
561.27
616.09
49.47
972.19
928.99
677.45
384.50
643.93
121.93
570.96
223.96
947.68
202.21
754.68
778.13
275.85
584.76
832.61
777.14
231.70
677.79
858.51
645.81
274.41
621.99
447.43
157.27
931.21
656.42
479.52
973.04
217.69
95.61
22.51
189.88
24.60
699.95
574.38
668.52
821.88
145.33
892.49
769.56
347.54
647.17
547.69
623.39
231.92
380.30
400.53
463.63
58.09
259.03
109.44
332.50
881.03
556.86
489.77
812.24
213.28
969.29
785.28
430.97
64.90
807.78
620.85
89.50
507.74
195.22
758.02
329.61
340.56
650.50
99.17
688.10
297.67
646.86
311.49
529.59
27.16
712.01
993.22
85.26
971.05
102.66
417.76
852.08
659.52
907.52
664.32
872.80
876.81
449.59
303.77
941.72
257.37
924.61
31.21
765.11
119.84
789.23
94.72
460.39
439.73
193.90
148.49
737.40
840.76
459.98
266.99
867.92
171.99
260.21
953.18
143.04
362.87
370.93
995.12
22.39
278.46
659.43
895.19
155.27
109.02
198.96
96.99
366.40
123.57
128.20
131.51
243.40
917.43
226.23
703.80
357.16
420.13
852.29
94.55
260.89
312.26
361.55
128.81
484.25
621.76
81.99
627.29
984.63
452.92
622.41
7.03
731.38
281.84
902.22
886.65
390.86
101.17
983.64
757.26
224.74
111.83
888.77
468.15
29.26
115.00
171.94
386.42
535.14
24.23
480.97
796.03
336.49
842.52
924.84
820.74
464.28
6.83
448.04
448.91
459.75
70.45
455.94
191.13
352.29
358.16
77.77
743.15
459.33
61.41
500.41
684.07
173.24
389.19
152.21
202.50
504.19
324.16
588.92
39.33
348.38
69.89
835.35
684.88
912.40
760.19
505.62
376.68
767.02
953.66
825.59
226.76
24.10
281.53
417.89
376.39
639.69
495.66
119.54
99.01
557.07
619.95
783.08
730.32
9.14
935.30
932.82
513.33
259.45
521.74
552.65
607.84
591.62
388.01
292.71
504.03
148.20
798.33
880.71
915.21
751.99
706.30
141.98
776.09
987.83
559.87
152.48
627.52
55.53
272.02
726.53
612.60
891.98
509.62
342.92
901.11
444.91
275.74
414.44
704.36
797.48
967.10
312.20
389.10
355.10
604.91
893.13
503.30
403.24
773.84
418.51
155.23
480.14
560.48
931.32
467.97
120.35
83.81
95.49
175.88
355.83
822.03
788.48
247.81
331.64
131.41
148.92
776.56
407.15
563.36
480.92
204.62
530.46
793.12
593.72
885.56
398.03
486.85
388.86
801.27
260.69
807.37
956.50
740.82
367.85
887.82
208.79
488.20
971.63
304.28
664.08
327.46
126.31
452.57
575.27
457.95
583.97
724.19
234.51
991.12
287.55
715.43
195.74
818.01
508.55
789.47
703.58
906.57
276.32
92.43
707.84
537.00
899.80
664.35
277.83
267.65
552.17
486.62
755.85
523.80
790.91
419.93
851.27
917.22
872.50
426.53
375.17
456.47
150.72
609.68
447.59
438.28
325.11
643.33
256.29
833.65
432.80
959.87
740.23
709.11
52.30
448.07
246.12
952.10
112.42
523.95
219.76
664.59
10.57
975.61
188.39
801.47
395.54
39.65
718.69
268.04
466.19
93.86
724.51
616.91
703.54
172.10
55.19
28.64
815.43
311.48
862.29
248.22
271.35
602.52
957.34
323.65
50.59
203.45
275.76
163.01
727.40
495.51
827.59
737.97
471.12
15.98
539.44
866.66
55.64
258.13
134.70
521.83
351.99
859.21
138.74
55.53
31.31
193.93
84.17
846.74
505.41
946.46
94.96
776.76
548.98
52.30
100.42
599.57
255.75
376.17
762.58
983.15
871.68
590.18
721.12
342.80
606.16
260.56
209.47
661.80
518.69
344.17
183.62
870.68
203.39
322.36
926.20
234.70
516.29
10.37
81.44
21.70
956.83
176.40
798.46
505.82
228.70
898.88
105.39
484.45
275.05
867.97
467.61
146.73
458.15
188.73
489.54
64.31
449.29
699.01
726.10
967.97
43.18
909.73
838.65
246.56
232.09
764.86
481.26
748.38
775.23
562.70
770.08
732.06
739.10
568.54
237.88
967.80
467.42
343.27
452.25
742.47
211.24
919.86
889.21
669.38
108.58
378.75
733.69
557.87
77.75
459.79
525.84
120.93
369.52
364.50
367.49
601.61
129.35
848.75
349.98
904.58
411.45
120.06
636.64
150.55
688.60
874.52
118.34
156.02
217.78
570.60
898.50
429.02
490.45
787.71
98.40
599.04
166.45
832.09
156.90
244.21
291.89
682.75
365.14
661.41
47.24
732.63
263.01
176.59
581.38
613.00
81.17
992.83
733.06
717.81
143.38
421.66
592.33
261.73
577.68
810.11
832.32
476.18
239.13
322.78
263.89
337.53
921.81
430.34
169.62
78.72
674.55
461.51
761.46
39.69
122.92
808.71
772.32
385.94
985.30
353.71
998.93
66.47
346.54
731.99
784.28
489.92
153.64
376.61
751.65
731.33
186.72
583.97
207.51
425.84
906.75
471.40
763.37
828.56
901.74
932.99
907.28
576.29
394.51
668.74
615.98
517.43
477.45
388.30
903.36
462.75
742.01
902.29
529.22
88.55
634.28
313.50
578.48
787.93
690.11
330.13
519.25
876.82
914.10
726.76
302.66
820.85
198.16
66.03
649.41
99.90
999.03
556.69
676.20
393.53
225.43
292.18
910.96
702.87
680.48
814.32
165.62
422.49
716.62
694.83
511.05
350.90
8.33
89.52
138.82
698.44
419.65
658.08
575.26
333.75
384.84
877.93
154.60
583.00
943.96
804.01
682.90
942.99
360.70
359.10
336.52
586.12
651.28
247.49
288.99
331.76
61.81
454.61
754.25
778.43
149.44
265.30
129.32
157.77
354.82
268.15
856.21
774.47
926.22
431.47
108.22
311.06
