750.47
582.16
858.84
652.94
855.35
48.62
333.53
999.29
253.94
756.45
110.02
820.47
209.66
538.02
472.67
84.86
482.20
409.76
438.96
569.53
770.63
822.87
176.96
257.12
382.39
75.19
104.89
957.67
866.11
678.34
256.27
616.57
260.50
115.12
269.51
115.85
163.73
603.05
115.13
417.67
359.50
225.15
238.14
569.16
763.18
710.82
654.02
245.38
120.58
92.98
814.91
891.21
915.85
991.87
148.34
298.24
67.06
253.23
255.91
933.16
931.57
512.18
549.74
192.07
627.30
819.25
307.92
791.04
422.30
423.05
208.71
781.81
648.20
446.85
350.97
411.38
157.67
4.99
656.76
278.25
97.98
471.67
169.46
13.83
463.54
317.80
312.06
530.60
571.03
567.97
463.76
502.60
80.15
13.50
694.67
707.45
832.76
2.58
498.49
255.06
425.63
707.20
36.86
73.83
154.05
387.83
485.21
311.72
392.83
141.98
589.96
490.80
613.64
759.43
504.63
77.18
77.22
816.69
607.78
648.25
384.67
71.55
150.85
464.82
85.05
845.51
172.27
917.81
848.10
670.76
172.86
273.73
377.96
209.73
347.56
532.01
597.56
832.78
843.73
990.38
974.75
433.69
481.18
588.40
193.12
985.81
665.58
270.34
802.51
273.36
918.59
187.17
344.91
69.44
651.99
429.96
914.95
824.27
347.77
763.05
495.03
520.63
36.78
873.00
730.36
384.34
405.01
327.91
217.11
248.74
318.30
191.87
682.43
799.48
780.26
875.55
785.29
445.84
145.89
587.80
719.21
64.48
774.98
64.12
133.92
426.97
494.08
48.87
251.24
841.85
811.92
746.27
362.48
848.70
619.27
92.84
233.04
24.27
420.75
450.15
273.01
739.05
642.02
955.44
538.53
422.28
830.99
323.82
868.12
976.88
911.62
587.33
41.36
686.60
651.45
175.28
113.57
145.53
224.15
364.81
987.38
36.08
111.08
349.86
884.78
730.35
442.70
117.81
754.62
863.45
567.96
27.63
602.50
209.98
983.07
141.02
632.26
814.06
464.85
500.39
790.94
376.47
87.72
832.30
63.07
739.17
7.58
176.64
884.70
231.73
541.45
872.08
267.81
652.53
221.95
152.58
382.88
664.65
270.40
137.50
528.10
838.36
165.14
130.60
48.34
148.21
271.63
680.61
962.27
736.47
180.99
753.21
112.94
268.71
585.50
176.01
7.88
593.08
352.65
892.58
824.81
894.10
764.67
92.62
546.62
986.62
245.20
929.50
651.27
515.60
67.01
179.37
353.96
232.14
309.97
402.30
380.35
581.59
82.91
342.63
318.07
263.90
95.83
431.01
532.61
681.34
607.01
540.49
274.42
959.66
433.08
99.23
853.76
197.74
191.85
400.38
184.36
437.05
329.89
835.62
952.65
396.89
14.99
306.61
629.04
324.96
708.91
9.39
906.55
791.82
352.02
224.62
55.72
447.85
655.63
588.33
129.19
262.64
128.82
403.60
222.30
561.90
502.83
76.06
759.64
694.68
476.44
944.00
131.73
806.33
779.62
84.38
203.22
794.61
390.98
832.25
119.57
99.89
841.64
26.12
891.71
193.66
250.74
947.43
641.51
906.36
535.76
770.70
169.00
664.58
174.30
391.31
226.48
677.13
467.36
986.12
371.81
943.81
930.12
503.54
750.13
709.73
587.91
953.35
504.34
978.90
785.60
623.91
78.79
627.25
650.03
970.50
820.91
900.76
917.93
462.42
807.13
453.69
233.11
976.13
118.27
407.41
367.44
344.75
84.54
834.80
330.86
456.35
778.61
260.98
959.89
528.74
970.71
547.80
482.09
475.05
526.70
267.69
98.96
605.49
894.94
748.99
575.99
715.84
649.75
493.92
178.26
456.88
947.60
411.37
433.01
65.87
818.78
800.44
410.62
903.32
635.24
741.48
359.68
413.85
2.46
319.57
942.59
973.17
867.37
424.67
448.23
394.07
692.36
547.19
999.56
587.30
296.17
575.55
303.15
945.92
69.47
481.41
402.80
17.08
892.78
835.81
82.95
711.56
636.25
493.57
614.88
271.49
235.05
974.55
685.34
237.51
294.12
627.93
210.68
161.49
52.60
658.91
555.56
744.96
206.10
555.12
332.27
502.27
130.68
635.41
448.19
200.15
116.82
850.99
217.23
9.59
686.80
300.18
721.15
323.05
793.75
336.03
594.54
28.79
310.58
279.88
266.30
604.70
907.81
476.98
766.19
960.41
135.89
321.75
705.37
341.99
876.87
37.64
844.26
7.55
673.05
292.45
207.71
789.87
143.44
424.94
799.46
830.24
725.12
520.61
153.29
518.87
856.64
747.84
547.66
167.22
27.72
813.96
771.92
935.53
290.95
538.11
895.94
426.84
859.86
601.32
768.83
736.74
638.96
613.08
744.29
312.01
905.53
952.00
101.88
48.97
376.93
901.34
879.21
102.05
421.95
32.51
620.92
278.59
780.34
168.58
445.81
808.06
982.54
217.73
743.59
273.49
755.84
639.54
700.33
615.70
240.85
469.15
352.44
879.81
82.23
96.73
191.82
987.76
48.72
293.70
36.73
425.66
195.04
915.95
527.71
616.99
948.46
148.63
895.59
728.80
317.20
341.40
536.86
299.75
559.13
280.46
573.23
314.98
919.99
273.56
930.68
160.84
742.71
283.12
40.65
824.95
379.85
232.47
812.71
428.57
526.16
849.45
854.23
721.20
765.40
381.94
338.19
713.85
530.56
233.78
442.65
847.77
575.18
979.51
147.51
134.31
259.97
720.75
449.29
179.97
994.31
379.97
340.81
737.02
663.09
381.46
561.97
42.93
613.93
374.68
471.50
140.09
224.13
325.73
861.29
989.52
707.67
199.48
703.38
238.24
433.26
146.03
86.00
8.44
125.54
233.52
142.75
385.51
954.27
592.04
565.48
948.58
972.01
906.29
685.60
635.10
287.75
247.57
678.03
901.67
622.26
149.53
41.76
846.39
475.27
903.05
835.91
182.94
102.54
539.29
421.18
535.80
685.32
507.18
544.24
810.86
740.70
686.99
196.37
694.97
279.03
761.85
643.54
251.04
668.13
329.15
886.14
955.88
576.72
564.17
857.56
198.98
713.70
899.32
45.37
188.97
802.37
881.28
371.91
904.91
420.57
793.08
440.71
105.89
300.26
984.94
916.74
40.96
671.94
113.11
735.93
950.97
874.96
379.47
202.01
543.10
708.62
88.15
498.98
285.34
652.32
356.54
484.32
366.02
255.86
529.68
554.98
58.23
410.97
926.89
963.14
831.54
719.97
403.85
937.42
20.23
388.79
854.17
61.19
60.73
967.28
797.12
11.70
842.25
176.59
213.71
385.34
885.21
301.86
884.32
170.54
954.18
240.86
654.86
320.20
496.72
184.54
875.18
554.95
595.51
802.07
518.09
427.05
522.04
921.93
364.47
542.28
310.73
218.64
603.47
371.45
185.93
400.59
383.15
28.17
577.18
596.86
413.51
462.39
898.72
297.84
632.93
852.90
538.70
287.79
173.10
35.41
472.33
48.28
590.36
67.85
850.36
108.45
494.89
372.40
30.38
859.37
914.68
341.11
78.01
518.15
712.56
263.94
918.74
95.71
292.11
495.92
692.58
705.62
958.31
591.30
3.46
591.24
444.21
542.16
879.03
617.31
577.57
351.36
665.59
167.93
419.21
515.95
276.38
914.10
888.34
306.76
773.47
803.02
647.87
851.48
321.17
360.44
115.41
239.91
456.15
407.52
735.83
148.73
113.14
694.13
740.03
116.60
285.37
184.24
658.76
164.39
801.54
236.33
515.75
467.13
404.26
934.96
983.08
680.64
849.06
871.42
987.40
622.53
674.45
635.27
474.00
995.62
995.71
589.42
235.52
451.86
996.94
971.35
600.59
110.08
665.48
340.62
226.69
950.85
524.85
885.45
115.24
326.39
121.78
631.00
793.53
526.04
565.96
776.61
206.68
415.02
648.03
194.08
37.54
322.48
829.35
511.55
318.09
825.06
100.96
553.62
276.92
97.90
524.97
877.51
207.98
190.45
218.13
434.67
141.30
742.98
320.12
256.54
69.37
441.90
887.54
862.90
967.93
453.50
639.51
174.61
868.51
287.54
368.69
906.06
610.02
198.04
417.60
928.11
23.10
518.57
481.72
300.03
616.47
6.69
177.54
824.45
197.14
395.66
259.12
338.44
138.64
579.24
594.98
208.02
21.14
482.52
70.92
989.07
936.02
710.43
163.68
804.54
997.97
532.37
710.59
607.99
730.41
128.20
536.10
753.51
646.76
17.82
53.54
263.23
24.51
231.08
87.68
221.65
626.74
346.81
560.09
765.39
926.05
155.07
973.41
947.18
637.59
44.33
936.25
573.62
754.76
99.94
378.15
752.73
632.30
88.75
360.72
362.71
216.94
896.82
116.23
