933.87
482.75
457.10
424.84
149.54
167.26
826.77
704.54
733.50
73.79
463.43
530.98
124.82
967.75
541.20
41.07
992.89
467.30
644.46
712.51
708.77
410.14
106.76
499.63
855.21
328.47
368.55
327.17
287.71
787.40
360.00
221.58
270.14
817.11
646.41
419.68
984.37
473.19
124.22
717.87
546.98
587.65
248.85
671.80
555.41
790.05
712.87
548.29
257.35
357.33
260.80
966.12
767.46
367.56
465.75
622.68
696.03
834.30
949.84
983.74
621.70
309.85
205.32
891.84
126.95
851.73
311.53
111.32
324.92
435.75
829.19
871.90
23.40
78.04
543.69
578.81
868.09
256.56
127.10
125.44
613.89
387.91
91.55
381.35
755.47
557.30
4.03
451.50
391.61
953.88
435.24
13.30
263.72
640.55
905.15
390.68
492.29
216.67
502.00
817.20
652.42
331.19
689.10
675.83
409.23
232.79
254.64
277.33
489.35
381.74
402.77
103.24
769.65
494.32
484.60
525.12
51.62
488.63
976.62
443.23
442.50
411.85
456.53
706.23
52.41
361.68
96.90
544.69
578.35
598.91
361.90
230.77
930.10
51.00
906.60
339.33
283.79
161.23
616.66
773.15
542.98
19.43
876.39
312.62
513.74
360.98
837.74
565.36
849.61
814.36
8.59
292.11
226.21
465.12
998.34
278.62
826.80
95.24
823.31
405.15
694.15
185.21
635.92
624.24
236.21
542.52
963.58
520.00
703.75
580.24
293.15
246.73
599.66
169.54
559.35
113.41
530.52
397.10
678.77
380.13
211.45
687.36
672.25
437.67
152.48
670.58
716.29
979.28
765.83
539.60
384.43
459.97
724.81
20.35
84.22
961.02
562.87
47.79
481.03
266.62
