0.8710
0.9377
0.4348
0.7322
0.0144
0.6595
0.1426
0.5123
0.6798
0.0623
0.6471
0.0807
0.7540
0.0204
0.1370
0.4274
0.5533
0.0746
0.9920
0.3633
0.6114
0.1284
0.5571
0.5083
0.4191
0.1734
0.6731
0.0761
0.1419
0.8877
0.5322
0.0129
0.8254
0.9670
0.7450
0.8398
0.6265
0.8876
0.3521
0.3062
0.9499
0.9992
0.3869
0.7039
0.0196
0.5239
0.1313
0.5730
0.5986
0.1234
0.9363
0.2099
0.2517
0.4933
0.7183
0.6708
0.6667
0.3914
0.7469
0.8086
0.2790
0.2792
0.8215
0.1044
0.2462
0.5665
0.9442
0.8727
0.4541
0.2963
0.1789
0.4040
0.2955
0.5658
0.1078
0.3151
0.0897
0.2392
0.8881
0.6883
0.3625
0.8244
0.8983
0.6143
0.3177
0.6165
0.2851
0.9845
0.0079
0.0320
0.7931
0.2869
0.3112
0.6146
0.3913
0.5574
0.1811
0.3355
0.4300
0.6351
0.6318
0.6089
0.0391
0.9273
0.1747
0.1469
0.2424
0.2644
0.3861
0.1305
0.9528
0.7486
0.9549
0.8510
0.3628
0.2726
0.4676
0.6479
0.2571
0.4755
0.6799
0.0502
0.7624
0.9911
0.6647
0.1537
0.5485
0.8458
0.4892
0.9785
0.4809
0.1211
0.5874
0.5200
0.0483
0.7621
0.6669
0.2907
0.0266
0.0530
0.4212
0.9793
0.8016
0.3761
0.8304
0.1644
0.6487
0.2979
0.8123
0.9058
0.7734
0.4922
0.9559
0.5358
0.4833
0.6206
0.6895
0.0318
0.4664
0.1788
0.0103
0.9473
0.2998
0.5977
0.4672
0.3481
0.3599
0.1341
0.6389
0.3864
0.1871
0.0601
0.3658
0.9887
0.4362
0.1961
0.1531
0.0849
0.4941
0.9654
0.9906
0.2675
0.4576
0.9465
0.8033
0.9409
0.5672
0.4928
0.9726
0.0336
0.6715
0.9829
0.9808
0.9713
0.5807
0.4481
0.3195
0.9405
0.5822
0.9584
