30.77
36.87
72.39
76.90
121.45
139.18
146.82
148.28
150.81
157.01
158.02
162.93
169.30
172.68
182.58
184.22
199.62
203.05
207.62
221.36
223.64
235.26
235.32
241.54
245.36
250.97
294.88
297.04
310.75
321.06
331.75
343.56
348.74
353.86
354.40
374.33
380.87
388.31
395.78
402.41
414.76
433.11
434.25
443.73
446.59
460.19
468.77
480.03
498.86
499.13
499.55
513.28
548.02
550.15
557.71
565.34
597.34
600.64
607.34
611.96
616.71
626.31
667.30
675.46
683.35
686.63
698.06
707.88
714.50
717.07
732.24
743.12
762.24
769.94
772.96
785.40
788.61
790.98
795.33
797.47
798.18
800.66
816.94
832.47
835.95
838.07
853.41
881.89
887.18
899.64
914.97
925.17
943.51
944.10
967.87
970.16
973.35
974.96
975.49
982.27
