12.78
26.63
44.04
44.53
45.92
48.69
65.21
68.11
72.67
88.45
92.61
124.37
131.00
173.03
180.91
181.05
184.98
192.25
193.00
197.93
209.78
260.36
275.93
293.98
302.16
303.57
310.76
332.16
336.10
349.35
353.94
355.29
357.11
362.15
382.81
383.91
408.61
441.62
442.36
451.79
474.80
477.39
484.05
486.15
486.64
490.17
495.16
498.19
500.52
513.07
513.40
526.14
536.29
549.37
552.15
568.90
576.16
595.53
601.50
603.66
603.75
622.85
678.61
683.46
685.30
689.95
693.85
697.41
700.47
734.77
736.75
743.32
745.19
751.94
753.46
770.07
773.19
778.46
778.81
793.45
804.86
818.76
819.58
841.44
843.65
862.98
867.01
871.00
905.00
909.11
909.81
910.47
915.04
945.47
946.46
949.98
952.19
958.49
978.14
990.75
